0.005372,205.1876,125.9303,-608.3746
0.015199,205.5617,125.5566,-608.6716
0.024995,205.0387,126.0061,-608.6761
0.034821,204.888,125.9305,-608.528
0.044618,205.1127,125.7811,-608.676
0.054444,205.0385,126.0058,-608.6011
0.064271,205.9375,125.4833,-609.1176
0.074067,205.339,126.4543,-607.9961
0.083863,205.7139,126.0815,-608.593
0.09369,205.8629,125.7075,-608.8926
0.103486,205.489,126.1561,-608.5203
0.113313,205.6382,125.8569,-608.7447
0.123139,205.3398,126.5298,-608.1458
0.132966,206.0131,125.7079,-608.9659
0.142762,206.0881,125.708,-608.965
0.152589,205.9382,125.8571,-608.7413
0.162415,205.7895,126.0077,-608.9674
0.172212,206.2381,126.0065,-608.4372
0.182038,206.1627,126.0806,-608.1379
0.191865,205.8644,126.1569,-608.666
0.201661,205.7165,126.8306,-608.2904
0.211488,205.94,126.456,-608.3641
0.221284,205.8654,126.4564,-608.515
0.23111,205.8659,126.4571,-608.74
0.240937,205.7913,126.4575,-608.8908
0.250733,206.1646,126.1574,-608.7376
0.26056,205.9396,126.1572,-608.7402
0.270387,205.9402,126.3817,-608.5894
0.280183,206.1642,125.8585,-609.1136
0.290009,205.7933,126.9075,-608.8892
0.299806,206.3883,125.7085,-609.0366
0.309632,206.6137,125.933,-608.8082
0.319428,206.2401,126.1581,-608.9617
0.329255,206.3151,126.1582,-608.9609
0.339051,206.5385,126.0073,-608.5838
0.348878,206.7643,125.8593,-609.1817
0.358674,206.6134,125.7835,-608.9587
0.368501,206.466,126.3086,-609.0336
0.378297,206.6907,126.1592,-609.1815
0.388123,206.4653,126.084,-609.1844
0.39792,206.5393,125.8591,-609.1843
0.407746,206.0911,126.383,-608.9626
0.417542,206.3918,126.4587,-609.1089
0.427369,206.8391,125.9337,-608.9556
0.437165,206.5425,126.6089,-609.1067
0.446992,206.9147,125.9344,-609.1797
0.456788,206.467,126.832,-608.5067
0.466615,207.1402,125.9353,-609.4022
0.476411,207.065,125.935,-609.328
0.486237,206.6903,126.0842,-609.1818
0.496034,206.8404,125.9353,-609.4807
0.50586,206.6159,126.0103,-609.5579
0.515656,206.9167,126.3844,-609.1781
0.525483,206.6907,126.1592,-609.1815
0.535279,206.6159,126.1594,-609.2574
0.545106,206.8403,125.7859,-609.7061
0.554902,206.8412,126.16,-609.4048
0.564729,207.1405,126.0103,-609.4019
0.574555,206.2405,126.084,-609.262
0.584351,206.4657,126.159,-609.1841
0.594148,206.5399,125.8598,-609.4094
0.603963,206.4665,126.3838,-609.1083
0.61379,206.9908,125.9359,-609.6288
0.623586,205.717,126.6074,-608.8911
0.633413,206.6907,126.1592,-609.1815
0.643209,206.3153,125.7854,-609.7122
0.653035,206.6906,126.0099,-609.4071
0.662832,206.6899,125.8599,-609.4076
0.672658,206.316,126.2339,-609.1855
0.682454,206.5399,125.8598,-609.4094
0.692281,206.5398,125.7104,-609.6348
0.702077,206.3893,125.9335,-609.0358
0.711904,206.6872,125.2599,-609.4097
0.721731,206.6891,125.859,-609.1076
0.731527,206.5388,125.7839,-609.1096
0.741353,206.2402,126.009,-609.2622
0.751149,206.1662,126.3085,-609.1121
0.760976,206.0153,126.0836,-609.1895
0.770803,205.7922,126.6077,-608.9653
0.780599,206.0165,126.4579,-608.9633
0.790426,205.4929,126.9067,-608.7427
0.800222,206.1646,126.0083,-609.0381
0.810048,206.0149,126.1577,-608.8893
0.819845,205.8679,126.9071,-608.7384
0.829671,206.0165,126.4579,-608.9633
0.839467,205.7925,127.0556,-608.2888
0.849294,206.0902,126.3073,-608.7379
0.859121,206.2412,126.234,-609.2614
0.868917,206.1655,126.1585,-609.1126
0.878743,206.0143,125.6347,-609.5662
0.88854,206.2395,125.859,-609.2628
0.898366,206.3147,125.7848,-609.4872
0.908193,206.239,125.7838,-609.188
0.917989,205.6408,126.606,-608.442
0.927816,205.7917,126.7563,-608.5148
0.937612,205.3432,127.0561,-608.5939
0.947439,206.0144,126.157,-608.6643
0.957265,205.5668,126.5325,-608.9681
0.967061,206.1655,126.233,-608.9623
0.976888,205.9402,126.0833,-609.1155
0.986715,205.643,127.0562,-608.5154
0.996511,206.0157,126.1586,-609.1893
1.006337,205.4905,126.6054,-608.2938
1.016134,206.0898,126.3814,-608.4376
1.02596,205.7908,126.6806,-608.2901
1.035756,205.9406,126.7551,-608.063
1.045553,205.7898,126.1572,-608.8169
1.055379,205.6406,126.6803,-608.2168
1.065175,205.7145,125.9331,-609.1186
1.075002,206.0137,125.7086,-609.1909
1.084798,205.8651,126.1578,-608.966
1.094625,205.9405,126.2328,-608.9649
1.104451,205.7904,125.9343,-609.4927
1.114278,206.0894,126.0825,-608.8137
1.124105,204.8172,126.9052,-608.4504
1.133901,205.3417,126.8304,-608.3697
1.143728,205.7917,126.8309,-608.3645
1.153554,205.641,126.6807,-608.3668
1.163381,206.3147,125.9339,-609.1866
1.173177,205.4149,126.6792,-607.9194
1.183004,206.3893,125.9335,-609.0358
1.19283,205.9409,126.5317,-608.5888
1.202657,206.0183,126.9077,-608.8866
1.212484,205.4161,126.8298,-608.1439
1.22231,205.4167,127.2035,-607.6925
1.232137,205.9442,127.4308,-608.2857
1.241964,205.8663,126.8305,-608.2137
1.25176,205.8694,127.3564,-608.5118
1.261587,206.0171,126.6079,-608.9627
1.271413,206.3167,126.3093,-609.3353
1.28124,206.7659,126.085,-609.4059
1.291036,206.3167,126.3839,-609.185
1.300863,206.3184,126.7589,-609.1837
1.310689,206.0174,126.5336,-609.1879
1.320516,205.7943,127.5054,-608.2122
1.330343,206.0189,127.1322,-608.7358
1.340169,205.4955,127.8049,-608.1395
1.349965,206.691,126.2342,-609.1813
1.359792,206.467,126.5336,-609.0328
1.369619,206.3936,126.983,-608.882
1.379445,206.9171,126.2358,-609.6287
1.389272,206.319,127.058,-608.8826
1.399099,206.392,126.5335,-609.0337
1.408895,206.9185,126.9088,-608.9513
1.418722,206.0204,127.5815,-608.5092
1.428548,205.945,127.208,-609.0364
1.438375,206.244,127.0579,-608.8835
1.448201,206.2432,126.3856,-609.7859
1.457998,206.0208,127.209,-609.3356
1.467824,206.2452,127.2086,-609.108
1.477651,206.2436,127.0574,-608.7335
1.487478,205.9439,126.8337,-609.2628
1.497304,206.4683,126.6097,-609.4075
1.507131,205.9461,127.6569,-608.6599
1.516927,206.0201,127.432,-608.6598
1.526754,205.7183,127.2804,-608.2138
1.53655,206.471,127.5081,-608.8793
1.546377,206.4675,126.3849,-609.4833
1.556173,206.0193,127.2072,-608.7356
1.565999,206.6911,126.3836,-608.9557
1.575795,206.2434,127.1318,-608.5082
1.585622,206.2427,126.6088,-609.1851
1.595418,206.3157,126.1589,-609.1859
1.60526,206.3914,126.3089,-609.1844
1.615056,205.8689,127.2066,-608.5873
1.624852,205.3438,127.3552,-608.2928
1.634679,205.7918,126.5327,-608.9656
1.644506,205.5663,126.5318,-608.7432
1.654332,206.0167,126.3836,-609.1885
1.664128,206.0163,126.3831,-609.0385
1.673955,205.1185,126.9816,-608.8217
1.683782,206.0905,126.0839,-609.2637
1.693608,206.0162,126.5322,-608.738
1.703404,205.7925,127.0556,-608.2888
1.713231,206.2409,126.532,-608.5854
1.723058,205.7943,127.8784,-607.5358
1.732884,206.0917,127.055,-607.9854
1.742681,205.8657,126.5314,-608.5147
1.752507,206.0138,126.2309,-608.2891
1.762334,205.9386,125.9321,-608.741
1.772161,206.1645,126.3065,-608.437
1.781987,206.5401,126.4568,-608.4322
1.791783,206.3141,126.2316,-608.4355
1.80158,205.8676,126.9066,-608.5884
1.811406,206.4656,126.6811,-608.2073
1.821202,205.6411,126.7555,-608.2916
1.831029,205.5649,126.6048,-608.0679
1.840856,205.1168,126.905,-608.2971
1.850682,206.4644,126.0829,-608.8094
1.860509,206.0908,126.6809,-608.2866
1.870305,205.4912,126.9792,-607.9175
1.880132,206.0129,125.7077,-608.8909
1.889958,205.7909,126.7554,-608.2148
1.899785,206.24,126.3818,-608.5109
1.909581,206.4637,126.082,-608.5094
1.919408,206.4651,126.5313,-608.2828
1.929204,206.4633,126.0815,-608.3594
1.939031,206.6886,126.0822,-608.5068
1.948827,206.7621,125.8566,-608.2818
1.958654,206.838,126.1562,-608.1299
1.96848,206.2401,126.2327,-608.8114
1.978307,206.3125,126.006,-608.2114
1.988103,206.4636,126.1565,-608.3591
1.99793,206.8363,125.7812,-608.1312
2.007756,206.4631,126.1559,-608.1342
2.017583,206.6149,126.5312,-608.2061
2.027379,206.4625,126.0806,-608.0594
2.037206,206.2382,126.6034,-607.3852
2.047032,206.6868,125.5579,-608.7337
2.056859,206.0133,126.4541,-607.6883
2.066686,206.988,125.8579,-608.6542
2.076482,206.5368,125.7068,-608.4348
2.086309,206.5364,126.0048,-607.7589
2.096135,206.8365,125.5576,-608.582
2.105962,206.0136,126.6036,-607.5378
2.115789,206.4623,126.0804,-607.9845
2.125585,205.9387,126.4545,-607.8392
2.135411,206.0131,126.4539,-607.6133
2.145238,206.3862,125.706,-608.2117
2.155034,206.6098,125.4808,-608.0598
2.164861,206.3858,125.4817,-608.4374
2.174657,206.4615,125.7811,-608.2105
2.184484,206.6109,125.5567,-608.3596
2.19428,206.0876,126.0057,-608.2141
2.204106,206.3133,126.0814,-608.3611
2.213933,206.461,125.7059,-608.1357
2.223729,205.7883,126.6777,-607.3151
2.233556,206.5368,126.3037,-607.3828
2.243383,206.3118,126.0796,-607.7612
2.253209,206.0134,126.5289,-607.613
2.263036,206.2385,126.007,-608.5872
2.272832,206.0128,126.5282,-607.388
2.282659,206.4622,125.7072,-608.5857
2.292485,206.8357,125.6312,-608.1317
2.302312,206.5388,126.1568,-608.4332
2.312139,206.3887,126.6042,-607.6085
2.321965,206.3142,126.53,-607.9096
2.331761,206.3122,125.9309,-608.2117
2.341588,206.3884,126.1562,-608.285
2.351415,206.688,125.9322,-608.5073
2.361241,206.5388,126.1568,-608.4332
2.371068,206.238,125.9318,-608.5125
2.380864,206.2389,126.3804,-608.061
2.390691,205.5653,126.8291,-607.8422
2.400518,206.3158,126.905,-607.9083
2.410344,206.0152,126.6057,-608.2128
2.42014,205.7165,127.0545,-607.9146
2.429967,205.79,126.7543,-607.8398
2.439794,205.6403,126.8292,-607.8412
2.44962,206.4632,125.8577,-608.7352
2.459447,206.238,125.9318,-608.5125
2.469243,206.1625,125.7819,-608.5889
2.47907,206.3119,125.5575,-608.738
2.488896,205.787,125.9302,-608.1428
2.498693,206.3115,125.4825,-608.7383
2.508519,205.8615,125.4821,-608.7435
2.518315,205.4158,126.6803,-608.2944
2.528142,205.414,126.4544,-607.9952
2.537969,206.087,125.7066,-608.515
2.547795,206.1621,125.4831,-608.965
2.557622,205.3372,125.6316,-608.749
2.567418,206.0881,125.7825,-608.8148
2.577245,205.339,126.4543,-607.9961
2.587071,205.1165,126.83,-608.2973
2.596898,205.7863,125.5563,-608.519
2.606706,205.2656,126.6799,-608.2211
2.616533,205.9382,125.9317,-608.5909
2.62636,205.0397,126.6786,-607.8487
2.636186,205.7892,126.082,-608.7422
2.646013,206.3136,125.7834,-609.0372
2.655809,205.7878,126.0057,-608.2925
2.665636,206.1633,125.7828,-608.8889
2.675462,206.0124,125.9309,-608.2902
2.685259,206.3123,125.7818,-608.5121
2.695085,205.6383,126.0062,-608.5192
2.704912,206.2369,125.5574,-608.7389
2.714739,206.4629,125.7827,-608.7355
2.724535,205.9381,126.0808,-608.2905
2.734361,205.5643,126.6041,-607.843
2.744188,206.3874,125.9312,-608.2859
2.754015,205.566,126.9045,-607.9919
2.763841,206.4639,125.9331,-608.8849
2.773637,205.4138,126.5287,-607.7699
2.783464,206.4624,125.5584,-608.9612
2.793291,205.7885,126.0066,-608.5924
2.803117,205.8634,126.2303,-608.1408
2.812914,205.5634,126.23,-608.1443
2.82274,205.7131,126.4536,-607.6168
2.832567,206.1621,126.0799,-607.9129
2.842394,205.7876,125.9309,-608.3677
2.85222,206.013,125.9315,-608.5151
2.862016,206.0865,125.4823,-608.7408
2.871843,206.387,125.5578,-608.8121
2.881639,206.2362,125.4075,-608.7394
2.891466,206.0861,125.631,-608.2904
2.901262,206.0883,126.0066,-608.514
2.911089,206.0115,125.7807,-608.2157
2.920885,205.5635,126.3793,-607.9188
2.930681,205.7877,126.2293,-607.8417
2.940508,205.1873,126.1537,-607.8489
2.950334,206.2359,125.3324,-608.7397
2.96013,205.7112,125.8545,-607.9189
2.969957,206.0878,126.3789,-607.6127
2.979784,206.1608,125.4069,-608.5902
2.98958,206.0869,126.1541,-607.6885
2.999376,206.5354,125.4068,-608.4359
3.009203,205.9369,125.781,-608.3665
3.018999,205.9376,125.931,-608.366
3.028795,205.8632,126.2301,-608.0658
3.038622,205.713,126.3788,-607.692
3.048418,206.3126,125.8568,-608.5119
3.058244,206.1597,125.4056,-608.1403
3.068041,206.2356,125.7052,-607.9884
3.077837,206.1608,125.7054,-608.0642
3.087663,205.7858,125.5557,-608.2941
3.097459,206.5335,125.1807,-608.0618
3.107286,206.0887,126.6785,-607.4616
3.117082,206.5344,125.6294,-607.6102
3.126909,206.4614,125.7809,-608.1355
3.136705,206.1623,126.4531,-607.3115
3.146501,206.4602,125.5556,-608.0613
3.156328,206.3868,126.3781,-607.2343
3.166124,206.8359,125.5569,-608.357
3.175951,206.4608,125.7056,-608.0607
3.185777,206.6093,125.4801,-607.8348
3.195604,206.5341,125.4053,-607.911
3.2054,206.6089,125.4051,-607.8351
3.215227,206.6087,125.4049,-607.7601
3.225023,206.3838,125.554,-607.5372
3.23485,206.0107,126.2273,-607.0891
3.244676,206.6831,125.4788,-607.384
3.254472,206.2343,125.4798,-607.8392
3.264299,206.4579,125.2545,-607.6874
3.274126,205.7114,126.0786,-607.6181
3.283922,206.6092,125.5547,-607.6846
3.293749,206.1595,125.7038,-607.5392
3.303575,206.0852,126.1521,-607.0135
3.313371,206.0845,125.7037,-607.5401
3.323198,205.9372,126.6765,-606.8634
3.333025,206.6105,126.0038,-607.383
3.342851,206.0107,126.0034,-607.4649
3.352647,206.685,125.8541,-607.4576
3.362474,206.6838,125.6288,-607.3834
3.372301,206.4586,125.7029,-607.1608
3.382097,206.4607,126.0038,-607.4597
3.391924,206.6831,125.4788,-607.384
3.40175,206.6841,125.7038,-607.3832
3.411546,206.6829,125.5531,-607.1588
3.421373,206.3853,125.9288,-607.4609
3.4312,206.5343,125.7039,-607.4599
3.440996,205.56,126.2259,-606.7943
3.450822,206.4587,125.4793,-607.6116
3.460649,206.4583,125.5534,-607.3113
3.470445,205.7852,126.2264,-606.8667
3.480272,206.6085,125.5538,-607.3846
3.490099,205.7889,127.3498,-606.3378
3.499895,206.4597,126.3757,-606.4084
3.509721,206.7575,125.4782,-607.1581
3.519548,206.3857,126.2276,-607.0848
3.529344,206.4582,125.7025,-607.0107
3.539171,206.3841,125.7035,-607.3867
3.548998,207.0587,125.4799,-607.6047
3.558824,206.31,125.9282,-607.3117
3.56862,206.6107,125.9294,-607.6083
3.578416,206.3836,125.9267,-606.7859
3.588243,206.3076,125.4778,-607.1633
3.598039,206.7574,125.3289,-607.3837
3.607878,206.1584,125.6279,-607.2395
3.617674,206.3857,126.3767,-606.7842
3.62747,206.3108,126.4514,-606.7099
3.637297,206.309,126.3746,-606.1102
3.647093,207.0593,125.406,-607.98
3.65692,206.0853,126.3014,-606.788
3.666716,207.2841,125.7044,-607.3763
3.676512,206.6094,125.8533,-607.2335
3.686339,207.0575,125.4785,-607.1547
3.696135,206.7575,125.2544,-607.5339
3.705961,206.9099,126.0779,-607.0043
3.715788,206.5345,126.0025,-607.0089
3.725584,206.2344,126.2259,-606.5615
3.735411,206.46,126.2268,-606.7839
3.745207,206.6095,125.7788,-607.3838
3.755034,206.7587,125.4796,-607.6082
3.76483,206.9062,125.1784,-607.1575
3.774657,206.9831,125.5537,-607.2303
3.784483,206.6083,125.479,-607.4598
3.794279,206.5336,125.703,-607.1599
3.804106,206.235,126.152,-606.9368
3.813933,206.8315,125.3278,-607.0078
3.823729,205.6344,126.5983,-605.8922
3.833555,206.6832,125.9266,-606.6324
3.843382,206.4564,125.4766,-606.7117
3.853209,206.7581,125.9264,-606.5566
3.863005,206.6805,125.0282,-607.1606
3.872832,206.4563,125.4764,-606.6367
3.882658,206.9055,125.0284,-607.158
3.892454,206.532,125.5519,-606.7855
3.902281,206.6056,125.252,-606.7856
3.912108,206.0084,126.3737,-605.8886
3.921904,206.458,126.1498,-606.1093
3.93173,206.1568,125.5513,-606.7148
3.941557,206.6799,124.8036,-607.3113
3.951384,206.4549,125.1018,-606.7879
3.96118,206.3806,125.3263,-606.638
3.971007,206.2301,125.1018,-606.8655
3.980833,206.455,125.0273,-606.9382
3.990629,205.2581,126.3725,-605.7473
4.000456,206.8288,124.7278,-607.0099
4.010283,206.4545,125.1759,-606.4877
4.020079,205.7812,125.6248,-606.3439
4.029906,206.0799,125.549,-605.9657
4.039732,205.8553,125.5492,-606.1183
4.049528,206.9786,124.8023,-606.783
4.059355,205.7785,125.0248,-606.346
4.069182,206.4537,124.8766,-606.7137
4.079008,206.0032,124.8009,-606.6442
4.088804,206.1536,125.1745,-606.1162
4.098631,206.3027,124.726,-606.566
4.108458,206.6002,124.4249,-606.1136
4.118254,205.8528,125.2479,-605.6694
4.128081,205.8526,125.2476,-605.5944
4.137907,205.6266,124.5749,-606.4243
4.147703,206.6756,124.3509,-606.4131
4.15753,205.7793,125.3241,-606.12
4.167357,206.528,124.8012,-606.5632
4.177153,206.079,125.1749,-606.267
4.18698,205.6286,125.2485,-605.9719
4.196806,206.677,124.5764,-606.5623
4.206602,206.0049,125.4744,-606.1168
4.216429,206.6781,125.0252,-606.1856
4.226256,206.23,125.6984,-605.7385
4.236052,206.679,125.0264,-606.5606
4.245878,207.0529,124.9508,-606.2566
4.255705,206.6042,125.1011,-606.4863
4.265501,206.8293,124.8031,-607.0847
4.275328,206.4536,124.8018,-606.789
4.285124,206.755,124.953,-607.085
4.294951,206.605,125.3258,-606.4105
4.304777,206.6802,124.9532,-607.1609
4.314574,206.981,125.2528,-606.9313
4.3244,205.9355,126.4506,-606.5642
4.334227,206.7585,126.1508,-606.3308
4.344023,206.6066,125.477,-606.7849
4.35385,206.3853,126.3763,-606.6343
4.363676,207.3588,125.6295,-607.3757
4.373472,206.2348,126.3009,-606.5613
4.383299,207.4318,125.1796,-607.3764
4.393126,207.0571,125.5526,-606.8544
4.402922,207.1331,125.7777,-606.8528
4.412749,207.0593,126.0028,-606.9278
4.422545,206.9107,126.3772,-606.7782
4.432371,206.9857,126.3773,-606.7773
4.442198,207.5833,125.4799,-607.4487
4.451994,206.9842,125.8534,-607.1542
4.461821,206.8354,125.8546,-607.606
4.471647,207.2838,125.5549,-607.5269
4.481444,207.1347,125.7049,-607.603
4.49127,207.2865,126.0803,-607.6749
4.501097,207.3605,126.0045,-607.3743
4.510924,207.1357,125.9299,-607.6022
4.52072,206.9118,126.3786,-607.2282
4.530546,206.7611,126.2285,-607.2305
4.540343,206.3876,126.6774,-607.0082
4.550169,207.3605,125.6315,-608.0507
4.559996,206.6128,126.3049,-607.7569
4.569792,207.0624,126.6033,-607.0757
4.579619,206.8387,126.3062,-608.1293
4.589445,206.7642,126.4559,-608.0546
4.599241,206.9893,126.307,-608.3526
4.609091,207.0659,126.8312,-608.0499
4.618918,206.6915,127.0554,-607.9034
4.628714,206.4661,126.8309,-608.1318
4.638541,206.4666,126.9806,-608.0562
4.648337,206.9149,126.2331,-608.7287
4.658163,206.692,126.8322,-608.5041
4.66799,207.1409,126.6822,-608.3495
4.677786,206.6172,126.8324,-608.58
4.687613,206.6194,127.3571,-608.5031
4.69744,206.7673,126.6089,-609.0291
4.707236,205.9422,127.1301,-608.0617
4.717062,206.7672,126.7579,-608.7286
4.726889,206.6201,127.358,-608.8031
4.736685,205.8716,127.8066,-608.5851
4.746512,206.7687,126.8343,-609.1782
4.756338,206.4707,127.7315,-608.3536
4.766135,206.6949,127.134,-609.1031
4.775961,206.2438,127.0577,-608.8085
4.785788,206.4697,127.059,-609.1809
4.795615,206.1697,127.1333,-609.0341
4.805411,206.6952,127.209,-609.1028
4.815237,206.319,127.058,-608.8826
4.825034,206.0948,127.208,-608.9597
4.83486,206.2461,127.7318,-608.5061
4.844687,205.7213,128.0299,-608.0612
4.854483,206.0949,127.1334,-609.11
4.86431,206.3942,126.9092,-609.2573
4.874136,205.7981,128.1813,-608.5097
4.883932,206.6197,127.0591,-609.1792
4.893759,206.3932,126.9826,-608.7321
4.903586,206.3952,127.5817,-608.4299
4.913382,206.3946,127.2826,-608.731
4.923209,206.0974,128.4046,-607.8305
4.933035,205.5697,127.5057,-608.3647
4.942831,205.9446,127.3567,-608.5859
4.952658,206.6201,127.358,-608.8031
4.962485,206.771,127.4338,-609.0262
4.972281,207.0719,127.5844,-609.0972
4.982107,206.2507,128.1849,-609.5545
4.991904,206.8509,128.1857,-609.6226
5.00173,206.7036,128.7856,-609.6222
5.011557,206.9293,128.9358,-609.6191
5.021353,206.1814,129.236,-609.9266
5.03118,206.7813,129.3111,-609.7695
5.041006,205.8096,130.2092,-609.4775
5.050803,207.1581,129.5374,-610.0643
5.060629,206.9325,129.5365,-609.842
5.070425,206.4845,130.0606,-609.6953
5.080252,207.532,129.0143,-610.5869
5.090079,206.6319,129.61,-609.4702
5.099875,207.3813,129.0133,-610.2886
5.109701,207.157,129.3869,-609.9148
5.119498,207.0085,129.7615,-609.8403
5.129324,207.0069,129.3865,-609.8417
5.13912,206.935,130.5092,-609.0885
5.148947,207.607,129.3873,-609.9097
5.158774,207.5315,129.312,-609.8359
5.16857,207.1575,129.6112,-609.6891
5.178397,207.3075,129.5368,-609.8376
5.188193,207.0823,129.3125,-610.141
5.198019,207.5342,129.6136,-610.3597
5.207846,206.4846,129.986,-609.8456
5.217642,207.4601,129.9876,-610.0593
5.227469,207.4604,130.1372,-609.9087
5.237295,206.7869,130.8843,-609.1639
5.247092,206.8606,129.8384,-610.5167
5.256918,206.9379,130.7365,-609.8377
5.266745,207.985,129.8388,-610.2787
5.276541,207.4582,129.687,-609.8354
5.286368,207.9828,129.687,-609.6793
5.296194,207.8335,129.7623,-609.8308
5.305991,207.6084,129.9112,-609.5328
5.315817,207.9829,129.7618,-609.6041
5.325613,207.383,129.9851,-609.2352
5.33544,207.834,130.2851,-609.079
5.345267,207.4603,130.7338,-608.7816
5.355063,208.0576,129.7614,-609.4532
5.364889,208.2073,129.8359,-609.2262
5.374716,207.9831,130.135,-609.0027
5.384512,208.5078,130.0605,-608.997
5.394339,208.5074,130.0601,-608.847
5.404135,208.1351,130.7343,-608.6989
5.413962,208.5083,130.4342,-608.5457
5.423788,208.1357,131.2572,-608.0221
5.433585,208.7334,130.5837,-608.3176
5.443411,208.2088,130.9566,-607.7973
5.453207,209.1815,130.2089,-608.2388
5.463034,208.8845,130.9582,-608.0895
5.472861,208.4347,131.0325,-608.0194
5.482657,209.5585,130.5099,-608.4583
5.492483,209.3333,130.5095,-608.3859
5.50231,209.3328,130.5836,-608.0857
5.512106,209.4057,130.6557,-607.1096
5.521933,209.0309,130.4317,-607.5647
5.53176,209.03,130.5799,-606.9641
5.541556,209.1057,130.6554,-607.113
5.551382,209.7052,130.2824,-607.5574
5.561179,209.3305,130.8046,-606.7349
5.571005,209.1074,131.105,-606.9614
5.580832,210.004,130.2813,-607.104
5.590628,209.1059,131.327,-605.9857
5.600455,210.0029,130.28,-606.6541
5.610287,209.7779,130.3543,-606.5063
5.620083,209.6287,130.8774,-605.9062
5.62991,209.4762,130.2774,-605.9851
5.639706,208.9527,131.3231,-604.7125
5.649533,210.0766,130.2039,-606.2784
5.65936,209.777,130.577,-605.7556
5.669156,210.0035,130.8775,-605.8269
5.678982,210.0015,130.4275,-605.8285
5.688779,210.2271,130.3539,-606.2012
5.698575,210.0046,131.0279,-605.9764
5.708371,209.9308,131.104,-606.352
5.718197,210.5317,131.6278,-605.7432
5.727994,210.1555,131.4767,-605.5231
5.73779,209.784,132.525,-605.0737
5.747586,210.7542,131.0282,-605.8177
5.757413,210.0068,132.1495,-604.8475
5.767239,211.2019,130.9514,-605.0629
5.777035,210.6032,131.176,-605.144
5.786862,210.98,131.85,-604.6873
5.796689,211.1292,131.4015,-605.1371
5.806485,211.1311,132.2991,-604.309
5.816311,211.1307,131.6272,-605.3613
5.826108,211.2058,131.8512,-604.9847
5.835934,210.909,132.6006,-604.9105
5.84573,211.0597,132.6762,-605.0585
5.855557,211.2825,132.0771,-605.283
5.865384,210.683,132.077,-605.4399
5.87518,211.6581,132.0782,-605.5037
5.885007,211.5076,132.0028,-605.4307
5.894833,211.1323,132.3004,-604.759
5.904629,210.6839,132.7495,-604.6125
5.914456,211.4323,132.5991,-604.2294
5.924252,210.234,133.3459,-603.5657
5.934079,211.1323,132.8227,-603.8571
5.943905,211.0562,132.4483,-604.0843
5.953702,210.3072,133.1201,-603.2656
5.963528,211.1306,132.2984,-604.084
5.973355,210.6824,133.1207,-603.3363
5.983151,211.5041,131.7749,-604.4565
5.992978,211.0533,131.8481,-604.0114
6.002774,210.6031,131.9965,-603.6411
6.012601,210.4539,132.2212,-603.5671
6.022427,210.3774,132.1447,-603.1182
6.032223,210.5265,131.8453,-603.2675
6.04205,210.45,131.6944,-602.9689
6.051846,210.5253,131.3217,-603.7194
6.061673,210.0018,132.2928,-602.597
6.071469,210.1499,131.5447,-603.1979
6.081296,210.7491,131.3205,-603.2668
6.091092,209.6265,132.1429,-602.7518
6.100888,210.6011,131.845,-603.1166
6.110715,210.2242,131.8423,-602.371
6.120511,209.9257,132.2914,-602.1478
6.130307,210.2249,131.9923,-602.3704
6.140103,209.3264,132.8138,-601.478
6.14993,210.6739,131.4693,-602.8922
6.159726,209.8498,132.2156,-601.9241
6.169522,209.9997,131.9919,-602.2981
6.179318,210.2991,131.7676,-602.4454
6.189145,209.9983,131.841,-601.9986
6.198941,209.7746,132.2899,-601.6996
6.208737,210.3716,131.4664,-601.9956
6.218533,209.7004,132.44,-601.775
6.22836,209.8477,131.9147,-601.6251
6.238156,209.3997,132.4388,-601.4784
6.247952,210.5216,131.392,-602.1441
6.257748,209.3261,132.5897,-601.7787
6.267575,210.1478,131.6914,-602.0724
6.277371,210.2251,132.291,-601.9195
6.287167,209.6267,132.8145,-601.6245
6.296963,210.4504,132.1423,-602.2924
6.30679,209.7744,132.5881,-601.0986
6.316586,210.3775,132.667,-602.2164
6.326413,210.3004,132.5151,-601.6177
6.336239,210.0028,133.2637,-601.2435
6.346036,210.15,132.5146,-601.4695
6.355862,210.0746,132.2902,-601.6962
6.365689,210.3736,131.9164,-601.994
6.375485,210.2243,131.9917,-602.1454
6.385312,210.2247,132.0667,-602.1452
6.395108,210.0746,132.2156,-601.8464
6.404935,209.8494,132.2152,-601.774
6.414731,209.6994,132.2896,-601.6255
6.424557,209.1014,132.8135,-601.4805
6.434384,209.9262,132.7396,-601.5463
6.44418,209.8516,132.9638,-601.3214
6.454007,209.4034,133.2638,-601.4755
6.463833,209.7764,132.4412,-602.149
6.47363,209.1785,133.4129,-601.2525
6.483456,210.0765,132.4417,-602.2206
6.493252,209.3999,132.29,-601.8539
6.503079,209.7009,132.6644,-601.5492
6.512875,209.3275,133.039,-601.5522
6.522702,209.3271,133.1876,-601.1016
6.532529,209.7017,132.8891,-601.4734
6.542325,209.4014,133.1123,-600.951
6.552151,209.7,132.5141,-601.4747
6.561947,209.5494,132.9608,-600.4249
6.571774,209.8481,132.2136,-601.249
6.581601,210.0722,132.0636,-601.172
6.591397,209.7727,132.1385,-601.2501
6.601224,210.0734,132.6618,-600.5698
6.61106,209.9226,132.4369,-600.6473
6.620856,209.3228,132.8095,-600.053
6.630683,209.698,132.7355,-600.2739
6.640479,209.2496,133.5576,-599.4512
6.650306,209.9972,132.7349,-599.9705
6.660133,210.2231,132.8854,-600.0424
6.669929,209.9221,132.8839,-599.6708
6.679755,209.7725,132.6604,-600.1984
6.689551,209.9969,132.9583,-599.4447
6.699378,210.2202,132.2851,-599.9695
6.709205,210.2928,132.1332,-599.2942
6.719001,209.9178,132.2819,-598.9979
6.728828,209.5422,132.2809,-598.7773
6.738654,209.5434,132.5807,-598.7012
6.748481,209.7656,131.4586,-599.6026
6.758277,209.5406,131.6822,-599.2294
6.768104,209.6151,131.7562,-598.8533
6.77793,209.09,131.8302,-598.7091
6.787727,208.9402,132.2033,-598.1095
6.797553,209.5397,131.6811,-598.8545
6.807349,208.6379,131.9019,-597.739
6.817176,209.3125,131.5291,-598.2576
6.827003,209.0864,131.5275,-597.8102
6.836799,208.8619,131.9755,-597.2112
6.846625,208.9351,131.5258,-597.287
6.856422,209.2342,131.4504,-597.0588
6.866248,209.7586,131.0027,-597.6543
6.876044,208.9339,131.226,-597.363
6.885871,209.6091,130.9285,-597.9562
6.895698,209.0103,131.1531,-598.0374
6.905494,209.5355,131.1539,-598.1063
6.915321,209.1618,131.528,-597.9593
6.925147,209.162,131.7521,-597.6585
6.934974,209.013,132.0515,-597.5092
6.94477,208.7863,132.0493,-596.8368
6.954597,209.1612,131.6019,-597.584
6.964423,209.3103,131.3773,-597.6581
6.974219,208.4863,132.049,-596.8403
6.984046,209.5342,131.0032,-597.8818
6.993873,209.0853,131.5262,-597.3602
7.003699,208.9379,131.9767,-597.5853
7.013496,209.1637,132.2017,-597.5069
7.023322,208.9403,132.651,-597.358
7.033149,207.29,132.276,-597.9032
7.042945,208.6406,132.5018,-597.7369
7.052772,209.3136,131.6795,-598.407
7.062568,208.3388,131.9772,-597.9672
7.072394,209.3118,131.4536,-598.1078
7.082221,209.0112,131.1543,-598.4124
7.092048,208.9362,131.1542,-598.4132
7.101844,208.7128,131.7526,-597.9637
7.111671,208.9355,131.1533,-598.1132
7.121497,208.0374,131.5276,-598.1973
7.131324,208.0382,131.7524,-598.1215
7.14112,207.6661,132.7252,-597.5223
7.150916,208.5612,131.1538,-598.4175
7.160743,208.0372,131.5274,-598.1223
7.17057,207.6647,132.1268,-598.0494
7.180396,208.3348,130.7788,-598.4965
7.190192,206.9131,131.975,-597.6836
7.200019,208.3359,131.0786,-598.4204
7.209846,207.588,131.4533,-598.5777
7.219642,207.5143,131.9023,-598.2769
7.229468,207.4374,131.5271,-598.2042
7.239295,207.2887,131.976,-597.9042
7.249122,208.0376,131.1549,-598.9486
7.258918,207.5137,131.4541,-598.8786
7.268745,207.44,131.6048,-599.1038
7.278571,207.2892,131.6037,-598.8056
7.288398,207.3635,131.1554,-599.3313
7.298194,207.2875,130.9303,-599.3329
7.308021,206.5401,131.5293,-599.2645
7.317847,206.9907,131.6798,-599.2587
7.327644,206.4678,132.4277,-598.7372
7.33747,206.3922,132.2031,-598.8889
7.347297,206.6143,131.1555,-599.64
7.357123,205.7917,132.0527,-598.9713
7.36692,206.6891,131.0809,-599.7144
7.376746,205.9406,131.5294,-599.4963
7.386573,206.3127,131.0041,-599.2689
7.396369,206.2387,130.9306,-599.795
7.406196,205.7874,130.9286,-599.2752
7.416022,205.5647,131.6025,-598.9755
7.425819,205.6385,131.3773,-598.9004
7.435645,205.3401,131.752,-598.9025
7.445472,204.8904,131.6027,-599.2832
7.455268,205.7148,130.9315,-600.251
7.465095,205.4907,131.156,-600.1779
7.474921,205.3405,131.0811,-600.2548
7.484748,205.4894,131.0054,-599.9534
7.494544,205.264,131.0792,-599.6557
7.504371,204.4414,131.5289,-599.8136
7.514197,205.039,131.079,-599.6583
7.524024,204.1396,131.8248,-598.5411
7.53382,204.7374,130.8531,-599.4375
7.543647,204.3621,131.0761,-598.9161
7.553474,205.0377,131.0029,-599.2836
7.5633,204.8868,130.2557,-600.2629
7.573096,204.438,130.928,-599.5157
7.582923,205.263,130.4067,-600.4832
7.59275,204.6629,130.6298,-600.0392
7.602576,204.7384,130.4812,-600.4889
7.612378,203.9904,131.3034,-599.8196
7.622204,204.4405,131.0802,-600.2652
7.632,204.2163,131.3793,-600.0417
7.641827,204.1423,131.6788,-599.8915
7.651654,205.0408,130.8574,-600.7841
7.66148,204.5917,131.4547,-600.0372
7.671276,204.4416,131.2307,-600.4147
7.681103,205.0402,130.6328,-600.9348
7.69093,204.5907,131.0806,-600.3385
7.700726,205.4152,130.6332,-600.9305
7.710553,204.6654,130.9311,-600.4882
7.720379,204.5918,131.5295,-599.9619
7.730206,203.7678,131.4553,-600.4966
7.740002,204.218,132.1273,-599.3641
7.749829,203.9167,131.0065,-600.8715
7.759655,204.6638,130.78,-600.1137
7.769482,205.0391,130.5569,-600.6351
7.779278,204.8135,130.2576,-600.9387
7.789105,204.9653,130.8566,-600.5599
7.798931,204.6643,130.5568,-600.7144
7.808728,204.8872,130.1816,-600.5632
7.818554,204.5141,130.631,-600.491
7.828381,204.2148,131.0791,-599.9678
7.838208,203.4644,131.078,-599.8264
7.848004,204.8887,130.3325,-600.8627
7.85783,203.7633,130.6294,-600.1995
7.867657,204.8132,130.4065,-600.5632
7.877453,204.3619,130.4045,-600.0435
7.88728,203.9868,130.6278,-599.597
7.897107,204.6599,129.7309,-600.4174
7.906933,203.7616,130.7019,-599.3743
7.916729,204.3611,130.2543,-599.969
7.926556,204.0589,130.1767,-599.2227
7.936383,204.2109,130.6269,-599.2194
7.946209,204.4323,129.28,-600.1966
7.956036,203.8322,129.5031,-599.7527
7.965832,204.6573,129.2802,-600.194
7.975659,204.4322,129.3546,-600.0463
7.985485,204.4324,129.4294,-599.9711
7.995282,203.9838,129.9528,-599.5994
8.005108,204.2075,129.28,-600.2742
8.014904,203.7576,129.7273,-599.5278
8.024731,203.759,130.2512,-599.1509
8.034527,203.9857,130.2534,-599.8233
8.044323,203.9834,129.7285,-599.8251
8.05415,203.4602,130.2523,-599.6044
8.063946,204.4327,129.2059,-600.4969
8.073773,203.3089,130.1015,-599.3817
8.083569,204.3568,129.0556,-600.4233
8.093396,204.1308,129.2779,-599.6
8.103192,203.8296,128.9779,-599.6796
8.112988,203.3821,129.6517,-599.4573
8.122815,203.2334,129.9516,-599.458
8.132611,203.3066,129.5764,-599.3835
8.142437,203.7555,128.7551,-600.4312
8.152233,203.3829,129.2051,-600.5839
8.16203,203.5329,129.2798,-600.4319
8.171856,203.5323,128.8316,-601.0334
8.181683,203.681,128.5318,-601.0328
8.191479,203.0831,129.1305,-600.8126
8.201306,203.5328,129.056,-600.8077
8.211102,203.3846,129.5056,-600.7328
8.220929,202.8604,129.7298,-600.663
8.230755,203.2341,129.7286,-600.1339
8.240551,202.5619,130.5519,-599.7637
8.250378,203.9855,129.2834,-601.4767
8.260205,203.2346,129.5054,-600.7346
8.270001,203.3091,129.5048,-600.5088
8.279827,203.6102,129.2081,-601.4813
8.289654,203.0842,129.5049,-600.5863
8.29945,203.3105,129.2828,-601.4845
8.309277,203.3852,129.2078,-601.4839
8.319104,202.8596,129.2812,-601.1146
8.3289,202.56,129.5798,-600.7421
8.338726,203.3069,128.3087,-601.7879
8.348553,203.1578,128.6081,-601.6386
8.358349,203.0077,128.5331,-601.7156
8.368176,203.2353,128.9841,-601.9364
8.378003,202.7854,129.1329,-601.716
8.387829,202.4108,129.133,-601.8704
8.397625,203.0834,128.5341,-602.0148
8.407452,202.1118,129.7307,-601.1967
8.417279,203.0082,128.6084,-601.7903
8.427075,202.6343,128.9823,-601.5683
8.436901,202.4087,129.2051,-600.8951
8.446728,202.8541,127.9319,-601.3444
8.456555,202.5562,128.6055,-600.9705
8.466351,202.8539,127.9317,-601.2695
8.476178,202.7033,127.9308,-601.0461
8.486004,202.7784,127.8564,-601.1956
8.4958,202.628,128.0797,-600.6715
8.505627,202.6277,127.7062,-601.1979
8.515454,202.4781,127.9304,-600.9738
8.52528,202.0257,127.4795,-600.8306
8.535076,202.3291,128.2298,-600.8245
8.544903,201.954,128.5276,-600.2277
8.554699,202.0262,127.6293,-600.755
8.564526,202.3991,127.0303,-600.9778
8.574322,201.5013,127.9272,-600.235
8.584118,202.6209,126.5792,-600.5269
8.593945,202.022,127.0275,-600.1572
8.603772,201.9481,127.4763,-599.7815
8.613603,201.7971,126.9527,-600.3101
8.623429,201.4266,128.3751,-599.5593
8.633226,202.7729,127.0293,-600.5236
8.643052,202.3267,128.0778,-600.15
8.652879,202.7009,127.2565,-601.2736
8.662675,202.926,127.257,-601.3459
8.672502,203.3006,127.406,-600.8912
8.682298,203.3027,127.6323,-601.3403
8.692124,203.2281,127.3343,-602.0173
8.701951,203.9041,127.5599,-602.0087
8.711747,203.9033,127.6336,-601.5585
8.721574,203.532,128.3837,-601.7101
8.73137,203.6824,128.6081,-601.4825
8.741197,203.4614,129.3586,-601.7075
8.750993,204.6575,128.2361,-602.1476
8.760819,204.4367,129.1361,-602.222
8.770646,204.364,129.661,-602.221
8.780442,205.1879,128.9145,-603.1142
8.790269,204.9671,130.1875,-602.5122
8.800065,206.0904,129.1422,-603.7029
8.809892,206.0127,128.8406,-603.1799
8.819688,205.5649,129.4394,-602.958
8.829515,206.0149,129.3653,-603.1031
8.839341,206.1635,129.14,-602.9521
8.849137,206.4643,129.0667,-603.399
8.858964,206.7634,128.9167,-603.321
8.868791,206.4647,129.0671,-603.5489
8.878587,206.6136,128.9168,-603.3978
8.888413,206.2404,129.0678,-603.8515
8.89821,206.6882,128.618,-603.7729
8.908036,205.6407,129.2913,-603.5576
8.917832,206.091,129.3667,-603.5522
8.927629,206.0159,129.2919,-603.6284
8.937455,205.6414,129.6652,-603.1813
8.947251,206.0888,128.5435,-604.1551
8.957078,205.1157,129.2908,-603.5637
8.966874,205.8639,128.4688,-604.3079
8.976701,205.6379,128.542,-603.7853
8.986528,205.3401,128.7681,-604.238
8.996324,205.3396,128.6183,-604.3134
9.00615,205.3398,128.6185,-604.3884
9.015946,205.1137,128.5424,-604.0913
9.025773,204.8164,128.6946,-604.9193
9.0356,204.2931,129.1436,-604.7737
9.045396,204.2929,129.0688,-604.8489
9.055223,204.5186,128.8461,-605.5221
9.065049,204.1408,128.3948,-605.2281
9.074845,203.9924,128.6204,-605.4539
9.084672,203.9912,128.3951,-605.3798
9.094468,203.7673,128.5454,-605.5317
9.104295,203.1687,128.8448,-605.5376
9.114122,203.5427,128.5456,-605.6844
9.123918,203.0944,129.2931,-605.012
9.133744,203.7676,128.6949,-605.3813
9.143571,203.2433,129.0683,-605.011
9.153367,203.5404,128.1699,-605.4607
9.163194,203.389,127.7205,-605.689
9.17302,203.6155,128.3193,-605.2344
9.182817,203.7643,127.7958,-605.6844
9.192643,203.5401,128.1695,-605.3107
9.202439,203.1647,128.1687,-605.165
9.212266,203.5385,127.8692,-605.2368
9.222062,203.2382,127.794,-605.2405
9.231889,203.5376,127.8681,-604.8618
9.241685,203.0151,128.3928,-604.941
9.251512,203.5391,128.1684,-604.9358
9.261338,203.5409,128.3943,-605.235
9.271165,203.0919,128.6188,-605.2393
9.280961,203.84,127.9459,-605.683
9.290788,202.5666,128.8417,-604.7195
9.300614,203.3142,127.9445,-605.3891
9.310441,203.3164,128.3947,-605.4625
9.320237,203.4666,128.6935,-605.0098
9.330064,203.3898,127.9452,-605.6132
9.339891,203.2386,128.0183,-605.0148
9.349687,203.8379,127.5704,-605.5344
9.359513,203.3155,127.9461,-605.9141
9.36934,203.2406,128.1699,-605.5391
9.379136,203.2422,128.321,-605.9136
9.388963,203.0907,127.9461,-605.9917
9.398789,203.1652,127.8709,-605.9161
9.408616,203.0901,127.7961,-605.9922
9.418412,202.8663,128.394,-605.3927
9.428239,202.6404,128.1691,-605.471
9.438066,202.6409,128.3934,-605.2453
9.447862,203.0888,127.7199,-605.6175
9.457688,202.1132,127.7929,-605.2535
9.467515,202.8634,127.7193,-605.47
9.477311,202.7868,127.4935,-605.2468
9.487138,202.9386,128.018,-605.0182
9.496965,202.4123,127.7175,-605.0253
9.506791,202.3385,128.2411,-604.5743
9.516587,202.0374,127.8665,-604.8041
9.526414,202.636,127.6416,-604.648
9.536241,202.1858,127.79,-604.2776
9.546067,202.6355,127.4918,-604.7235
9.555863,202.7098,127.491,-604.4226
9.56569,202.6338,127.1913,-604.5746
9.575517,202.7084,127.2655,-604.2735
9.585343,202.7086,127.2657,-604.3484
9.59514,203.1566,126.9655,-604.1193
9.604966,202.784,127.4901,-604.1218
9.614812,203.083,127.2654,-604.1191
9.624639,202.6355,128.1632,-603.5212
9.634435,203.5337,127.7143,-603.5874
9.644261,203.531,127.0397,-603.7397
9.654088,203.3097,128.0136,-603.439
9.663915,203.758,127.2661,-604.1114
9.673711,203.0858,128.3877,-603.2151
9.683537,204.2078,127.2663,-604.0312
9.693364,204.2833,127.4161,-603.9548
9.70316,203.9831,127.7141,-603.3572
9.712987,204.6587,127.9393,-603.1987
9.722814,204.2085,127.9386,-603.1289
9.73261,204.4342,128.0888,-603.1257
9.742436,204.8823,127.4901,-603.4227
9.752263,204.6605,128.1652,-603.4979
9.762059,204.583,127.9383,-602.8995
9.771886,204.8836,127.7156,-603.5718
9.781682,205.4836,127.7162,-603.5649
9.791509,204.3618,128.5394,-603.35
9.801305,204.8863,128.4647,-603.2692
9.811131,204.8853,128.1651,-603.4203
9.820928,204.8877,128.6901,-603.4185
9.830724,205.1116,128.2415,-603.7924
9.84055,204.2893,129.2137,-603.1235
9.850347,205.5621,128.6156,-603.3359
9.860173,205.6371,128.5411,-603.4854
9.87,205.1134,129.0642,-603.0396
9.879796,205.7881,128.8408,-603.3325
9.889623,205.787,128.914,-602.7323
9.899449,205.7868,128.4662,-603.4839
9.909245,205.7111,128.3907,-603.335
9.919072,205.7144,129.2153,-603.1821
9.928899,205.2617,128.6148,-603.1893
9.938695,206.0124,128.691,-603.3305
9.948522,206.2379,128.6171,-603.6282
9.958348,205.7133,128.8409,-603.4084
9.968144,206.3857,128.6893,-602.6512
9.977971,206.0852,128.6138,-602.5799
9.987798,206.01,128.9119,-601.9798
9.997594,206.6067,128.0134,-602.276
10.00742,206.0077,128.7599,-601.3052
10.01725,206.6793,128.0106,-601.3002
10.02704,206.8301,128.2355,-601.2227
10.03687,206.6809,128.5347,-600.9983
10.0467,206.605,128.1605,-601.3005
10.05652,207.129,128.1599,-600.9194
10.06632,207.5056,128.3114,-601.2896
10.07612,207.4301,128.1615,-601.366
10.08594,207.5816,128.5364,-601.288
10.09577,207.5059,128.4609,-601.1391
10.1056,207.807,128.6117,-601.2851
10.11539,207.5806,128.386,-601.1385
10.12522,207.2075,128.6863,-601.3668
10.13504,207.8074,128.9105,-600.909
10.14484,207.8082,129.2099,-600.683
10.15467,208.035,129.2869,-601.2801
10.16446,208.4082,128.7629,-601.5027
10.17429,207.8105,129.7349,-600.6811
10.18409,208.7094,129.063,-601.4232
10.19388,208.8581,128.9124,-601.197
10.20371,208.185,129.3616,-601.1282
10.21351,208.9335,129.2114,-600.8201
10.2233,208.2576,129.0605,-600.7534
10.23313,208.6333,129.2109,-600.7485
10.24293,208.4812,128.9098,-600.4514
10.25275,208.7077,128.9864,-600.8984
10.26255,208.6316,128.8359,-600.7498
10.27234,208.9315,128.7614,-600.8217
10.28217,208.6306,128.6854,-600.6003
10.29197,208.6314,128.6118,-601.0506
10.30179,208.4803,128.6103,-600.6024
10.31159,208.404,128.2357,-600.7546
10.32142,208.03,128.8333,-600.0818
10.33124,208.1791,128.3102,-600.6819
10.34107,207.507,129.2828,-600.0862
10.35087,208.3299,128.6097,-600.4542
10.36069,208.2559,128.8346,-600.4542
10.37052,208.0313,129.0587,-600.231
10.38034,208.0293,128.3849,-600.6083
10.39014,207.5056,129.0573,-599.937
10.39997,208.0284,128.1601,-600.6841
10.40979,207.879,128.2352,-600.7606
10.41962,206.979,128.5327,-600.2449
10.42942,207.1285,128.3831,-600.3187
10.43924,207.2043,128.6079,-600.2421
10.44907,207.8036,128.3092,-600.4612
10.45887,207.3526,128.0092,-600.6174
10.46869,207.3539,128.3838,-600.4662
10.47852,207.3527,128.1585,-600.392
10.48835,207.1271,128.2322,-600.0193
10.49814,207.5003,127.7082,-600.2418
10.50797,206.4544,128.8311,-599.8749
10.5178,207.3515,128.2317,-599.7916
10.52762,207.3516,128.1572,-599.942
10.53742,206.9042,128.6074,-600.1705
10.54725,207.2022,128.0086,-600.4692
10.55707,206.2296,128.9056,-599.8022
10.56687,206.9032,128.3824,-600.1713
10.57669,206.4538,128.3081,-600.5518
10.58652,206.8295,128.6078,-600.3214
10.59635,206.4525,128.1574,-600.3273
10.60618,206.0046,128.5324,-600.4811
10.616,206.002,128.0818,-600.2578
10.62583,206.3018,128.0818,-600.1793
10.63563,205.9293,128.6812,-600.1065
10.64545,206.0051,128.6077,-600.5558
10.65528,206.1546,128.1596,-601.1557
10.66511,205.7056,128.3842,-601.1601
10.67493,204.8058,128.8311,-600.4189
10.68473,205.5551,128.3834,-600.9368
10.69456,205.7806,128.3843,-601.1592
10.70438,204.957,128.9819,-600.6415
10.71421,205.105,128.6066,-600.4913
10.72401,204.5823,129.2056,-600.3452
10.73383,205.0291,128.5308,-600.2673
10.74366,204.8033,128.0822,-600.7965
10.75346,204.8042,128.2324,-600.871
10.76328,204.9525,127.9321,-600.7203
10.77311,204.5785,128.6043,-599.8973
10.78291,204.9522,127.7826,-600.8709
10.79273,204.8025,127.8574,-600.8723
10.80256,204.5786,128.3061,-600.4984
10.81236,204.8037,128.0826,-600.9465
10.82218,204.4297,128.3818,-600.7997
10.83201,204.5795,128.3817,-600.723
10.84183,203.7558,128.83,-600.431
10.85166,204.5795,128.3817,-600.723
10.86146,204.2034,128.1562,-600.6531
10.87128,203.9796,128.605,-600.3542
10.88111,204.5782,128.0072,-600.8744
10.89094,203.8299,128.829,-600.0551
10.90077,204.7278,128.0815,-600.5724
10.91059,204.4282,128.0816,-600.7258
10.92039,204.5027,128.2303,-600.2745
10.93021,204.2033,128.2307,-600.5029
10.94004,204.4293,128.7544,-599.9734
10.94987,204.8781,127.9327,-600.9461
10.95966,204.428,128.1559,-600.5006
10.96949,204.4276,128.0809,-600.5009
10.97932,204.5031,128.2308,-600.4245
10.98911,204.577,127.9311,-600.4997
10.99894,204.8778,128.007,-600.7209
11.00877,204.4285,128.1566,-600.7255
11.01856,204.2054,128.83,-600.2758
11.02839,204.354,128.3809,-600.5007
11.03822,203.981,128.905,-600.3531
11.04804,204.4294,128.6053,-600.274
11.05784,204.1328,129.355,-600.2748
11.06767,204.7301,128.3826,-600.9462
11.07749,204.5055,128.6067,-600.7231
11.08729,204.7316,129.0558,-600.3439
11.09712,204.8049,128.3824,-600.8704
11.10691,204.5819,129.2797,-600.0449
11.11674,203.9066,128.8311,-600.7292
11.12656,204.2043,128.5303,-600.3519
11.13636,204.4317,129.2048,-600.1219
11.14619,204.1321,129.1304,-600.4256
11.15598,204.6547,128.755,-600.1209
11.16581,204.6555,128.6068,-600.7214
11.17561,204.3557,128.7559,-600.4993
11.18543,204.8051,128.6065,-600.5696
11.19526,204.655,128.6061,-600.4965
11.20509,203.9049,128.4561,-600.7305
11.21488,204.2797,128.4562,-600.6512
11.22471,203.8326,129.429,-600.053
11.23453,204.2023,128.3787,-599.8273
11.24433,203.978,128.7524,-599.4536
11.25413,203.5276,128.7515,-599.3088
11.26392,204.4256,127.9294,-599.9764
11.27375,203.6035,128.9763,-599.2322
11.28355,204.5014,127.9303,-600.2755
11.29337,204.3502,128.0034,-599.677
11.3032,203.9016,128.2284,-599.8314
11.313,203.678,128.7521,-599.4571
11.32282,203.7503,128.3012,-599.1578
11.33265,203.9762,128.228,-599.6805
11.34245,203.3775,128.6765,-599.3858
11.35227,204.2004,127.9289,-599.904
11.3621,204.0516,128.3031,-599.6794
11.3719,204.1282,128.4543,-600.053
11.38172,204.5765,128.0052,-600.1994
11.39155,203.7545,128.7539,-600.0562
11.40134,204.2775,128.379,-599.9015
11.41117,203.9778,128.4537,-599.9047
11.421,204.2043,128.8287,-599.8257
11.43079,204.2048,128.9039,-599.9005
11.44062,203.0825,129.9503,-599.0847
11.45045,204.8806,128.8309,-600.343
11.46024,204.4303,129.0539,-599.8224
11.47007,204.8794,128.9041,-599.7428
11.4799,204.9551,128.7558,-600.2674
11.48969,204.655,128.9046,-599.9703
11.49952,204.8042,128.6054,-600.1946
11.50932,205.029,128.6799,-599.9668
11.51914,204.5062,129.2042,-599.896
11.52894,204.4309,129.0546,-600.0474
11.53876,204.3568,129.3541,-599.8972
11.54856,204.654,128.3811,-600.4973
11.55839,204.1313,128.9056,-600.5014
11.56818,205.0314,128.832,-600.6412
11.57798,204.4334,129.6543,-599.9703
11.58781,204.3598,129.7306,-600.4209
11.5976,205.032,128.7581,-601.0165
11.6074,204.2834,129.5797,-600.1223
11.61724,204.9601,129.6569,-600.6392
11.62703,204.508,129.3555,-600.3455
11.63683,204.4354,129.8059,-600.4948
11.64666,204.4345,129.5811,-600.5705
11.65645,204.8848,129.7311,-600.4149
11.66625,205.108,128.9086,-601.1651
11.67607,205.11,129.5077,-600.863
11.68587,205.0351,129.284,-601.3146
11.6957,204.7361,129.5087,-601.3173
11.70549,205.0351,129.1349,-601.6152
11.71529,204.6607,129.5082,-601.1682
11.72512,204.138,130.1817,-600.8718
11.73491,204.3623,130.1065,-600.7195
11.74474,204.8099,129.582,-600.7162
11.75454,204.3623,129.9574,-601.02
11.76436,205.1098,129.1345,-601.4643
11.77419,204.1352,129.8054,-600.4232
11.78399,205.3336,128.8349,-601.5378
11.79381,204.885,129.3584,-601.1661
11.80364,204.81,129.4329,-601.0167
11.81343,204.136,129.5827,-601.1739
11.82326,204.6612,129.9564,-600.5666
11.83309,204.8117,129.7333,-601.1656
11.84288,204.4365,129.8073,-600.9446
11.85271,204.8853,129.135,-601.6919
11.86254,204.5121,129.7335,-601.319
11.87236,204.9598,129.0598,-601.6163
11.88216,205.0334,128.8344,-601.4662
11.89199,204.6598,129.2086,-601.3192
11.90181,204.8092,129.1335,-601.2428
11.91164,205.1088,129.1334,-601.0893
11.92144,204.4364,129.9564,-600.6441
11.93126,204.6612,129.6579,-601.0926
11.94109,204.0623,130.4047,-600.1969
11.95092,205.1849,129.2839,-601.2379
11.96071,204.2108,129.7316,-600.7975
11.97054,205.1138,130.4075,-600.7848
11.98036,205.2595,128.9851,-601.6132
11.99019,204.8871,129.9577,-600.939
11.99999,205.261,129.2853,-601.687
12.00981,205.186,129.3598,-601.5377
12.01964,204.8114,129.6583,-601.1659
12.02944,204.9613,129.733,-601.0139
12.03926,204.7377,130.0328,-601.0154
12.04909,205.4111,129.3602,-601.6101
12.05889,205.786,129.3604,-601.5308
12.06871,205.3378,129.8843,-601.309
12.07854,205.1877,129.9587,-601.1605
12.08834,205.3371,129.6597,-601.4598
12.09816,205.9368,129.5107,-601.6035
12.10799,205.2645,130.2592,-601.3085
12.11779,206.0134,129.9604,-601.4511
12.12761,205.788,130.0343,-601.1534
12.13744,205.7155,130.7085,-600.9268
12.14727,205.9358,129.3603,-601.454
12.15706,205.5637,130.184,-601.1554
12.16689,206.2376,129.7358,-601.5242
12.17672,206.3882,130.1096,-601.0712
12.18651,206.0862,129.5102,-601.3768
12.19634,206.0873,129.6607,-601.5262
12.20616,206.3121,129.7352,-601.2983
12.21596,206.6873,129.8851,-601.1436
12.22579,206.3887,130.1103,-601.2961
12.23561,206.2402,130.634,-600.921
12.24541,206.3135,130.1845,-601.0718
12.25524,206.9131,129.9608,-601.2906
12.26506,206.9117,129.6608,-601.2917
12.27486,206.6136,130.4087,-600.6925
12.28469,207.4385,130.1856,-601.0588
12.29448,207.2897,130.4107,-601.1348
12.30428,207.3652,130.859,-600.5323
12.31411,207.6656,130.7852,-600.8292
12.3239,207.5929,131.5337,-600.3774
12.33373,208.192,130.9366,-601.1226
12.34353,207.8176,131.3844,-600.5253
12.35335,208.7154,130.4875,-601.2681
12.36315,208.7919,130.7133,-601.4915
12.37297,209.3898,130.4129,-601.1856
12.3828,209.2406,130.4137,-601.4874
12.3926,209.3146,130.4127,-601.1114
12.40242,208.9412,130.7125,-601.1898
12.41225,209.465,130.4878,-601.1095
12.42208,209.0899,130.6365,-600.8133
12.4319,209.3153,130.6372,-600.9606
12.4417,208.9406,131.0103,-600.4387
12.45153,209.5389,130.412,-600.8089
12.46135,209.8402,130.7868,-600.6541
12.47115,209.4672,131.311,-600.5066
12.48098,209.9147,130.6371,-600.7288
12.4908,209.5414,131.3847,-600.0555
12.50063,210.4387,130.711,-600.1975
12.51046,210.364,130.4875,-600.7241
12.52025,210.0643,130.6368,-600.577
12.53008,210.216,131.0865,-600.4238
12.5399,209.8398,131.2339,-599.6776
12.54973,210.963,130.3377,-600.5677
12.55953,210.8149,130.8621,-600.4177
12.56935,210.8899,130.8621,-600.4168
12.57918,210.5149,130.8618,-600.4211
12.58901,210.813,130.5614,-600.1937
12.59884,210.8134,130.5619,-600.3438
12.60863,210.8892,130.8612,-600.1168
12.61846,211.1892,130.8615,-600.1133
12.62829,210.9655,131.1613,-600.1149
12.63809,210.5179,131.9097,-599.7424
12.64791,211.6403,130.8633,-600.5581
12.65774,211.0436,132.1348,-599.5856
12.66754,211.7901,130.9378,-600.3312
12.67736,211.3421,131.3873,-600.3348
12.68716,211.6428,131.7615,-599.955
12.69699,211.7937,131.6134,-600.5537
12.70678,211.5688,131.9864,-599.9551
12.71658,212.0188,131.6884,-600.4759
12.72641,211.7937,131.8373,-600.178
12.7362,211.4969,132.6614,-599.9536
12.746,211.8712,132.2133,-600.4758
12.75583,212.0967,132.2142,-600.6982
12.76562,212.2472,132.3641,-600.6209
12.77542,212.1722,132.4386,-600.4715
12.78524,212.4722,132.4389,-600.4681
12.79504,212.0228,132.7375,-600.1722
12.80484,211.8735,133.0367,-599.9479
12.81466,212.249,133.1869,-599.868
12.82446,211.7247,133.7093,-599.1972
12.83425,212.325,133.4865,-599.7161
12.84408,212.3993,133.4111,-599.5655
12.85388,212.2504,134.0091,-598.9651
12.8637,212.3235,133.1117,-599.7924
12.8735,212.0997,133.7842,-599.0426
12.88333,212.9993,133.2626,-599.8591
12.89315,212.0993,133.6347,-599.1932
12.90298,212.4002,133.7852,-599.2642
12.91278,212.1,133.7847,-599.1926
12.9226,212.3258,134.0097,-599.1143
12.93243,211.9514,134.3829,-598.6672
12.94223,211.8777,134.7574,-598.5168
12.95205,212.552,134.3097,-599.0356
12.96188,212.1022,134.6824,-598.4395
12.97168,211.8785,135.0567,-598.2907
12.9815,212.627,134.6827,-598.3585
12.9913,212.2532,135.1314,-598.0612
13.00113,212.4012,134.6816,-598.061
13.01092,212.3276,134.9815,-598.0609
13.02075,212.5552,135.6563,-597.9058
13.03058,212.4806,135.6567,-598.0567
13.04037,212.034,136.7792,-597.383
13.05017,212.8569,135.6586,-598.5774
13.05999,212.4071,135.9568,-598.1315
13.06982,212.4834,136.1076,-598.3551
13.07965,212.3344,136.407,-598.2057
13.08944,212.6327,135.9577,-598.3539
13.09927,212.4837,136.2571,-598.2045
13.1091,212.408,136.107,-598.2059
13.11889,212.1835,136.3311,-597.9827
13.12872,212.2572,136.2551,-597.6072
13.13852,211.9604,136.93,-597.6832
13.14834,212.0327,135.9571,-598.3608
13.15817,211.5117,137.0057,-598.0631
13.16797,212.1093,136.1828,-598.5841
13.17779,211.7355,136.7062,-598.1366
13.18762,211.8867,137.0061,-598.0588
13.19741,212.5607,136.4088,-598.7281
13.20724,211.438,137.3056,-598.0629
13.21707,212.3375,136.7838,-598.8044
13.22686,211.6624,136.7829,-598.7372
13.23669,211.888,137.0076,-598.5838
13.24649,211.4389,136.7845,-599.3397
13.25631,212.0388,136.9341,-599.0323
13.26614,212.3381,136.7099,-599.1796
13.27594,211.8153,136.9357,-599.6349
13.28576,211.6672,137.2363,-599.8605
13.29559,211.6682,137.4613,-599.8597
13.30539,211.4442,137.3876,-600.3876
13.31521,211.4463,137.7631,-600.5362
13.32504,210.3248,138.7358,-600.1707
13.33487,210.7744,138.3629,-600.6918
13.34466,210.9222,137.8382,-600.767
13.35449,210.1009,138.6624,-600.7736
13.36432,210.3231,137.6894,-601.3744
13.37414,209.4258,138.5124,-601.0068
13.38394,210.4739,137.7653,-601.5974
13.39377,210.0253,138.1394,-601.4513
13.40359,209.8769,138.2904,-601.8275
13.41339,209.353,138.3658,-602.1332
13.42321,209.0543,139.0384,-601.4593
13.43304,208.9779,138.8129,-601.3109
13.44284,208.6795,138.7399,-602.0646
13.45266,208.7548,138.5911,-602.4393
13.46249,208.4556,138.741,-602.5172
13.47229,208.0796,138.5157,-602.5223
13.48211,208.454,138.2915,-602.6688
13.49194,207.6301,138.7395,-602.3017
13.50174,207.633,139.2652,-602.5248
13.51156,207.48,138.5901,-602.5289
13.52139,207.1061,139.0386,-602.1567
13.53118,206.7316,139.0389,-602.3859
13.54101,205.9852,140.1614,-601.7906
13.55084,207.1839,139.042,-603.2808
13.56066,206.7342,139.2657,-602.9852
13.57046,206.7365,139.8653,-602.833
13.58029,206.4375,139.717,-603.512
13.59011,206.1371,139.8653,-603.0649
13.59991,206.1387,139.9419,-603.5897
13.60974,205.9884,139.7922,-603.7419
13.61958,205.841,140.3173,-603.8168
13.62937,205.2408,140.391,-603.5984
13.6392,205.6906,140.3167,-603.6685
13.64903,205.466,139.944,-604.4974
13.65882,205.0175,140.2437,-604.5765
13.66865,205.1684,140.4687,-604.499
13.67848,204.2698,140.6187,-604.8088
13.68827,204.3481,141.0704,-605.3313
13.6981,204.4975,140.8459,-605.4803
13.70793,203.3759,141.5203,-605.6409
13.71772,204.0488,140.9216,-605.8602
13.72755,203.6755,140.9978,-606.3893
13.73738,203.0032,141.8956,-605.8688
13.7472,202.6998,140.9215,-606.2507
13.757,202.4746,141.294,-605.502
13.76682,202.8478,140.4716,-606.2506
13.77662,201.7972,140.4699,-606.0377
13.78642,201.7217,140.3201,-606.1141
13.79624,201.3475,140.2461,-606.5687
13.80604,201.0477,139.9476,-607.1732
13.81584,200.3731,140.2458,-606.8049
13.82566,199.5471,140.02,-606.8151
13.83546,199.3258,140.8448,-606.8148
13.84526,199.026,140.8447,-606.8932
13.85508,198.6506,140.2471,-607.7997
13.86488,198.7993,139.9472,-607.799
13.8747,197.6764,140.62,-607.4346
13.8845,197.8976,139.6459,-607.6605
13.89433,197.4469,139.4954,-607.6662
13.90415,197.223,139.8696,-607.4424
13.91395,196.4722,139.4202,-607.9026
13.92378,196.1746,140.1688,-607.5284
13.93357,194.5259,140.2433,-607.9221
13.9434,195.276,140.0949,-608.2141
13.95323,195.1247,139.7202,-608.3671
13.96302,194.6751,139.6457,-608.6725
13.97285,194.2248,139.5703,-608.6779
13.98267,193.2495,139.4943,-608.6894
13.9925,193.0239,139.4189,-608.6172
14.0023,192.8755,139.719,-608.6929
14.01212,191.9746,139.5679,-608.6288
14.02195,191.2251,139.7915,-608.4117
14.03178,191.4493,139.4924,-608.6351
14.04157,190.1765,140.0159,-608.5729
14.0514,190.5487,139.3415,-608.646
14.06123,190.0249,139.4917,-608.8765
14.07102,189.1998,139.7891,-608.285
14.08085,189.1232,139.1158,-608.8882
14.09068,187.9242,139.8617,-607.9244
14.10047,188.6706,138.8138,-608.3695
14.1103,187.9197,138.8119,-608.0031
14.12013,187.9187,138.8853,-607.4778
14.12992,187.0945,138.8109,-607.9376
14.13975,186.8678,138.7341,-607.4155
14.14958,186.4922,138.5092,-607.5706
14.15937,186.4161,138.0603,-607.9481
14.1692,185.5921,138.5081,-607.5059
14.17902,185.7423,138.4339,-607.7295
14.18885,185.0676,138.5828,-607.5867
14.19865,185.4416,138.3582,-607.5832
14.20847,184.3918,138.5813,-607.2945
14.2183,184.4666,138.7302,-606.9182
14.22813,184.1656,138.4304,-607.0726
14.23792,183.94,138.5786,-606.5497
14.24775,184.0881,137.9051,-607.0003
14.25758,183.191,139.1758,-605.8812
14.26737,183.4122,137.9033,-606.6332
14.2772,183.4877,137.9786,-606.707
14.28703,183.1142,138.2785,-606.7852
14.29682,183.189,138.3529,-606.5591
14.30665,182.6651,138.7267,-606.3389
14.31648,182.6651,138.4283,-606.8649
14.32627,182.4405,138.4285,-607.0175
14.3361,181.9912,138.951,-606.3458
14.34593,181.9914,138.8767,-606.5711
14.35575,182.0647,138.4272,-606.7219
14.36555,182.064,138.3518,-606.5721
14.37537,181.7659,138.6522,-606.7994
14.3852,181.5421,138.9517,-606.726
14.395,181.5406,138.577,-606.8023
14.40482,181.016,138.8753,-606.4323
14.41465,181.0158,138.8751,-606.3573
14.42445,180.4169,139.3979,-605.8373
14.43427,181.0911,138.8008,-606.5817
14.4441,181.1643,138.2766,-606.8077
14.4539,181.3167,139.0256,-606.4283
14.46372,181.0145,138.5005,-606.5086
14.47355,180.6402,139.0231,-605.8361
14.48338,181.0143,138.5003,-606.4336
14.49317,180.863,138.1256,-606.5867
14.503,180.788,138.2747,-606.287
14.51283,180.488,138.1253,-606.591
14.52265,180.188,138.1995,-606.4442
14.53248,180.6385,138.3497,-606.3635
14.54228,180.3391,138.3501,-606.5919
14.5521,180.4163,138.8004,-606.6645
14.56193,180.7879,138.0508,-606.6628
14.57176,179.8891,138.3497,-606.5971
14.58155,180.8628,137.9015,-606.8875
14.59138,180.2675,139.2493,-606.3646
14.60121,181.088,137.902,-606.9599
14.611,181.237,137.901,-606.5832
14.62084,180.7149,138.2768,-607.0378
14.63067,181.0142,138.1271,-607.0349
14.64049,180.8654,138.6506,-606.5848
14.65029,180.4154,138.2772,-607.2662
14.66012,181.3903,138.1288,-607.4806
14.66994,181.3185,138.7294,-607.7043
14.67974,181.4679,138.5796,-607.7031
14.68957,181.3942,138.8795,-607.7029
14.69939,181.7691,138.3576,-608.6004
14.70922,181.77,138.7317,-608.2991
14.71902,181.3221,139.1067,-608.453
14.72884,181.6223,139.1072,-608.5245
14.73867,181.473,139.257,-608.5258
14.74847,181.6979,138.9588,-609.0491
14.75829,181.3251,139.5578,-608.8263
14.76812,181.9983,138.9596,-609.1957
14.77795,181.9985,139.0344,-609.1204
14.78774,181.7765,139.6346,-609.2709
14.79757,182.4487,138.8114,-609.6411
14.80739,181.7011,139.7832,-608.8212
14.81719,182.3752,139.3352,-609.2651
14.82702,182.4493,139.185,-609.1897
14.83681,182.4483,139.1839,-608.8147
14.84664,182.4471,138.6602,-609.2666
14.85647,182.7498,139.4096,-608.9605
14.86629,182.8985,138.8861,-609.4106
14.87609,182.6744,138.9616,-609.6379
14.88592,182.7513,139.3369,-609.7108
14.89574,182.6774,139.4127,-610.0114
14.90554,181.777,139.4114,-609.8716
14.91537,182.3787,139.7124,-610.0137
14.92519,181.5562,140.4605,-609.6456
14.93502,182.1531,139.9352,-609.3405
14.94482,182.2283,139.8609,-609.5649
14.95464,181.6309,140.3856,-609.645
14.96447,182.0754,139.186,-609.644
14.9743,181.2549,140.4586,-609.124
14.98409,182.1521,139.5611,-609.6418
14.99392,181.8519,139.6351,-609.42
15.00374,181.2525,139.8591,-609.2761
15.01357,181.4796,140.2347,-609.4222
15.02337,180.8048,140.2343,-609.5049
15.03319,180.8055,140.3843,-609.5044
15.04302,181.2547,140.0109,-609.8755
15.05282,180.8061,140.385,-609.7294
15.06264,180.6533,139.9339,-609.4327
15.07247,180.3541,140.233,-609.2101
15.0823,180.3527,139.933,-609.2112
15.09209,180.05,139.7802,-608.3903
15.10192,180.0486,139.5548,-608.2411
15.11175,179.8233,139.405,-608.3942
15.12154,179.5994,139.9282,-607.8699
15.13137,179.4487,139.7035,-608.0224
15.1412,178.9975,139.627,-607.6528
15.15099,179.8953,138.954,-608.0199
15.16082,179.221,139.1778,-607.8769
15.17065,179.5205,139.4013,-607.2726
15.18044,179.4436,138.7276,-607.7259
15.19027,178.8465,139.7002,-607.1293
15.2001,179.3672,138.5767,-607.4273
15.20989,179.2922,138.5766,-607.4282
15.21972,178.9175,138.9496,-606.9062
15.22951,178.993,138.8756,-607.2055
15.23934,178.7661,138.4256,-607.2847
15.24914,179.14,138.3501,-606.9807
15.25893,178.8406,138.3505,-607.2091
15.26876,178.6906,138.7978,-606.3843
15.27856,178.5388,138.2734,-606.6129
15.28838,178.4652,138.7972,-606.2369
15.29821,178.8381,138.0491,-606.7603
15.30801,177.7897,139.0197,-605.6439
15.31783,178.6876,138.2722,-606.1611
15.32763,178.6127,138.4214,-605.9365
15.33742,178.8383,138.7953,-605.4827
15.34722,178.5356,138.1205,-605.6384
15.35705,178.3862,138.494,-605.1889
15.36684,177.2596,137.9688,-605.5037
15.37667,178.3829,137.6694,-605.3418
15.38647,178.083,137.7439,-605.27
15.39626,178.1576,137.8181,-604.9688
15.40609,177.8571,137.668,-605.0479
15.41589,177.7074,137.9665,-604.5985
15.42568,177.4064,137.8905,-604.3772
15.43551,177.1813,138.114,-603.9291
15.4453,177.2553,137.8891,-603.929
15.45513,176.8047,137.6641,-604.085
15.46493,177.0294,137.5893,-604.0826
15.47475,176.2817,138.4865,-603.4131
15.48458,177.1006,137.1373,-603.4084
15.49438,176.8752,136.9873,-603.4865
15.5042,176.6503,137.3603,-602.8878
15.51403,176.5749,137.1359,-603.1144
15.52383,176.1978,137.1331,-602.2938
15.53365,175.4486,137.2078,-602.4521
15.54348,175.9736,137.4322,-602.0703
15.55328,175.9718,136.9824,-602.1469
15.5631,176.0448,136.5325,-602.1476
15.57293,176.0468,136.9079,-602.2964
15.58273,176.0454,136.6825,-602.1472
15.59255,175.6718,136.9821,-602.1504
15.60238,175.7463,137.1308,-601.699
15.61217,175.5211,136.9065,-602.0024
15.62201,175.2217,137.2799,-601.5545
15.63181,175.4451,136.9799,-601.478
15.64163,174.1702,137.5009,-600.5908
15.65146,175.2186,136.9033,-601.0308
15.66129,174.9925,136.5288,-601.2597
15.67108,174.4697,137.3515,-600.6629
15.68091,174.7669,136.304,-601.4131
15.69074,174.0932,137.3493,-600.0673
15.70053,174.7663,136.4524,-600.8876
15.71036,174.0164,136.5265,-600.821
15.72019,174.0194,137.3506,-600.5181
15.72998,174.1657,136.7496,-600.1435
15.73981,173.6387,136.2991,-600.1511
15.74964,174.3141,136.3002,-600.2934
15.75943,174.0119,135.7751,-600.3737
15.76926,173.5641,136.747,-599.4754
15.77909,173.6366,136.1473,-599.5517
15.78891,173.6355,135.9223,-599.5525
15.79871,173.7096,135.6228,-599.7027
15.80854,173.112,136.4457,-599.1817
15.81836,173.7842,135.8463,-599.1761
15.82816,173.1101,136.0704,-599.108
15.83799,172.8105,136.4436,-598.5852
15.84781,173.5583,135.7704,-598.954
15.85761,172.2855,136.6669,-598.2154
15.86743,173.3344,135.9952,-598.9557
15.87726,173.0332,135.9936,-598.5092
15.88706,173.1849,136.1448,-598.8819
15.89688,172.96,136.2194,-598.8092
15.90671,172.9595,136.1441,-598.7345
15.91651,173.0336,135.9195,-598.8094
15.92633,172.884,136.0689,-598.6606
15.93616,172.285,136.5172,-598.2909
15.94599,172.5077,135.9178,-598.4405
15.95578,172.8831,135.9932,-598.4359
15.96561,172.5062,135.6176,-598.3665
15.97544,172.4315,135.7671,-598.2169
15.98526,172.8808,135.6175,-598.2123
15.99506,172.431,135.9157,-597.7664
16.00489,171.9053,135.9143,-597.4725
16.01471,172.5061,136.0651,-597.54
16.02451,171.9057,136.2877,-596.9461
16.03434,172.7287,135.6149,-597.389
16.04416,172.1289,135.6891,-597.3206
16.05399,172.6538,135.8387,-597.0141
16.06378,172.7271,135.1654,-597.5406
16.07361,172.204,136.2115,-596.4179
16.08344,172.576,135.0893,-597.2426
16.09323,172.5758,135.1636,-597.0173
16.10306,172.5745,135.0875,-596.6426
16.11289,172.6506,135.1635,-596.9415
16.12268,172.5745,135.162,-596.4923
16.13251,172.4249,135.4608,-596.118
16.14234,172.425,135.6101,-595.8925
16.15213,172.9493,135.0876,-596.5633
16.16196,172.8743,135.0876,-596.5641
16.17179,172.4995,135.162,-596.4932
16.18158,173.247,134.4138,-596.8622
16.19138,172.4253,135.6851,-595.8923
16.2012,173.2468,134.4882,-596.637
16.21103,173.2462,134.6366,-596.1115
16.22086,173.4708,134.6363,-595.9589
16.23065,173.2461,134.7111,-595.9612
16.24048,173.0211,135.0093,-595.4377
16.25031,172.5704,134.7096,-595.6689
16.2601,173.6183,134.2606,-595.6585
16.26993,173.6225,134.937,-596.1061
16.27973,173.8437,134.2613,-595.8059
16.28955,173.6933,134.2607,-595.6577
16.29938,173.019,134.037,-596.3412
16.30918,173.8449,134.4119,-596.0304
16.319,173.6185,134.2608,-595.7335
16.32883,173.62,134.6356,-595.6572
16.33863,172.9451,134.8588,-595.2891
16.34845,174.0676,133.8126,-596.1799
16.35828,173.2446,134.7839,-595.211
16.36808,174.2178,134.0368,-595.8774
16.3779,173.6163,133.8851,-595.5099
16.3877,173.544,134.7835,-594.9825
16.39753,173.9896,133.5105,-595.5069
16.40735,173.3915,134.482,-594.5353
16.41715,174.14,133.8095,-595.1291
16.42697,173.5419,134.4826,-594.6837
16.43677,173.3943,134.8584,-594.9839
16.4466,173.84,133.7347,-595.2828
16.45642,174.3632,133.5093,-594.9775
16.46625,174.5156,133.6615,-595.6503
16.47605,174.2899,133.5113,-595.6534
16.48587,174.3658,133.7361,-595.5768
16.4957,174.1398,133.6602,-595.3546
16.50553,173.8407,133.5863,-595.8084
16.51532,174.0658,133.7358,-595.5802
16.52515,173.3932,134.484,-595.2103
16.53498,174.0672,134.1851,-595.3536
16.5448,174.3658,133.96,-595.201
16.55463,173.6186,134.4847,-595.3577
16.56443,174.1384,133.2854,-595.431
16.57425,174.2155,134.1087,-594.8271
16.58408,174.4386,133.2114,-595.6527
16.5939,174.5161,133.8112,-595.5748
16.60373,174.4385,133.3605,-595.3522
16.61356,173.8405,133.8845,-595.2073
16.62336,174.1396,133.7345,-595.1293
16.63319,174.4418,134.185,-595.1993
16.64302,174.6643,133.3616,-595.6496
16.65284,174.5163,133.7369,-595.8
16.66267,174.5914,133.9609,-595.4233
16.67247,174.368,134.1863,-595.6501
16.68229,175.1164,133.5884,-596.0936
16.69212,174.6661,133.7368,-595.7233
16.70195,174.817,133.8872,-595.796
16.71174,174.7419,133.7378,-596.0224
16.72157,174.2174,134.1855,-595.4269
16.7314,174.6687,134.4859,-595.4207
16.74122,174.144,134.4111,-595.6519
16.75102,174.9683,133.8144,-596.4695
16.76084,174.5172,133.8126,-596.0247
16.77067,174.9686,134.3369,-595.6427
16.7805,174.8928,133.7391,-596.3956
16.79029,174.7451,134.7114,-595.569
16.80012,175.3432,133.6654,-596.6908
16.80995,175.344,134.0393,-596.3145
16.81974,174.5199,134.1142,-596.5486
16.82957,174.5206,134.6371,-595.8718
16.8394,174.3702,134.562,-595.8738
16.84919,174.8932,133.7395,-596.5457
16.85902,174.5179,133.888,-596.1745
16.86885,174.6687,134.1875,-595.9467
16.87867,174.2928,133.8876,-596.1021
16.88847,174.0693,134.1876,-596.1786
16.8983,174.7443,134.0392,-596.4713
16.90812,173.8486,135.386,-595.7269
16.91795,174.5205,134.4133,-596.2476
16.92774,174.2959,134.6374,-596.0244
16.93757,174.3706,134.637,-595.8736
16.9474,174.5944,133.9645,-596.6233
16.9572,174.2211,135.0105,-595.4239
16.96699,174.8184,133.9635,-596.2458
16.97682,174.9682,133.9635,-596.1691
16.98661,174.894,134.0389,-596.3196
16.99644,174.6684,133.8141,-596.473
17.00624,174.7447,134.1142,-596.471
17.01603,174.7445,134.1885,-596.2459
17.02586,173.8456,134.6365,-595.8796
17.03569,174.1484,135.3861,-595.6484
17.04548,174.8211,134.3397,-596.6194
17.05531,174.896,134.4143,-596.4683
17.06514,174.9696,133.965,-596.694
17.07493,174.5226,134.938,-596.1708
17.08476,175.1216,134.4152,-596.6907
17.09459,174.5998,135.1645,-596.6191
17.10441,174.2977,134.9378,-596.1733
17.11421,174.7476,134.7144,-596.5439
17.12403,174.0006,135.7616,-595.8739
17.13386,174.8974,134.7143,-596.4672
17.14366,174.8236,134.9395,-596.5422
17.15348,175.5733,134.6415,-596.9847
17.16331,174.8191,133.8151,-596.7712
17.17314,175.1218,134.4154,-596.7656
17.18293,175.3459,134.2654,-596.6887
17.19276,175.1963,134.3403,-596.6901
17.20259,175.3447,134.1147,-596.4641
17.21241,175.2713,134.3403,-596.6892
17.22224,174.5218,134.7133,-596.2466
17.23204,174.823,134.9388,-596.3173
17.24186,174.5209,134.6376,-596.0218
17.25169,175.6459,134.2657,-596.6852
17.26152,175.1962,134.4894,-596.3895
17.27131,175.1977,134.8642,-596.3132
17.28114,175.4957,133.9669,-597.1379
17.29097,174.2991,135.0887,-596.4727
17.30076,175.4964,134.1169,-597.1374
17.31059,175.1226,134.5656,-596.8401
17.32042,175.4232,134.6412,-596.9114
17.33021,174.9756,135.315,-596.6892
17.34004,175.1236,134.8652,-596.6891
17.34986,175.7975,134.417,-597.0579
17.35966,174.9716,134.1166,-597.2184
17.36949,175.1971,134.4905,-596.7645
17.37931,175.1977,134.4166,-597.1398
17.38914,174.9718,134.3407,-596.9177
17.39894,175.1203,134.0406,-596.842
17.40876,174.8966,134.415,-596.6933
17.41859,175.4201,134.0407,-596.7636
17.42839,175.1212,134.4147,-596.5406
17.43821,174.8222,134.9379,-596.0173
17.44804,175.5697,133.9658,-596.7621
17.45787,175.3465,134.8629,-595.8616
17.46766,175.7208,134.1165,-596.9099
17.47749,175.3447,134.1147,-596.4641
17.48732,175.3466,134.49,-596.5378
17.49711,174.9707,134.2648,-596.6179
17.50694,175.2709,134.6383,-596.0132
17.51677,175.1212,134.4147,-596.5406
17.52659,174.9719,134.5646,-596.5419
17.53639,174.8975,134.8636,-596.2418
17.54621,175.3468,134.4156,-596.7631
17.55604,175.0467,134.1915,-597.1423
17.56587,175.346,134.1909,-596.8389
17.57566,175.1965,134.2659,-596.9153
17.58549,175.6461,134.1914,-596.9104
17.59532,175.1208,134.1904,-596.7664
17.60511,174.9713,134.5639,-596.3169
17.61494,174.9717,134.4898,-596.6171
17.62477,174.5987,135.387,-595.7933
17.6346,174.7464,134.7876,-595.9437
17.6444,174.6705,134.4134,-596.2459
17.65422,174.7462,134.7128,-596.019
17.66405,175.3444,134.2636,-596.0887
17.67385,175.1951,134.3389,-596.2402
17.68367,174.9694,133.9648,-596.619
17.6935,174.8966,134.415,-596.6933
17.70329,174.6715,134.6384,-596.2451
17.71312,174.9696,134.2635,-596.168
17.72295,174.9677,133.9628,-595.9441
17.73278,174.6721,134.6391,-596.47
17.74257,174.5217,134.6385,-596.3218
17.7524,175.047,134.4901,-596.6913
17.76223,174.7462,134.1905,-596.9208
17.77202,174.224,134.9393,-596.6992
17.78185,175.0439,133.8151,-596.6937
17.79167,173.9237,135.0879,-596.3271
17.80147,174.5221,134.4898,-596.7723
17.8113,174.5986,134.8647,-596.6951
17.82112,174.5231,134.8639,-596.4709
17.83095,174.2984,134.9387,-596.4733
17.84075,173.6245,135.3124,-596.2548
17.85057,174.7478,134.5655,-596.9194
17.8604,174.2998,135.2387,-596.4722
17.8702,174.2975,134.8631,-596.2487
17.88002,174.3006,135.1651,-596.9225
17.88985,174.0722,134.4149,-596.9277
17.89964,174.4474,134.4155,-596.9985
17.90947,174.1482,134.6399,-596.9261
17.9193,173.7745,135.0887,-596.6288
17.92909,173.625,135.2383,-596.555
17.93892,173.9244,135.2379,-596.3265
17.94875,174.5226,134.3412,-597.2228
17.95854,173.4737,135.0875,-596.3323
17.96837,174.0002,135.0898,-596.9262
17.9782,173.8484,134.9383,-596.4785
17.98799,173.8496,135.1635,-596.5527
17.99782,174.223,134.6398,-596.8502
18.00765,173.1761,135.5376,-596.4841
18.01744,173.5512,135.3889,-596.7803
18.02727,173.7746,135.1634,-596.5535
18.0371,173.6261,135.5381,-596.4789
18.04689,173.3986,134.6396,-597.0847
18.05672,174.2249,135.015,-596.9239
18.06655,173.8467,134.6378,-596.3295
18.07634,174.2215,134.3395,-596.7762
18.08617,174.2992,134.8651,-596.9236
18.096,174.147,134.4893,-596.7017
18.10579,173.6229,134.7883,-596.5566
18.11562,173.6211,134.4131,-596.4829
18.12544,173.0996,135.5358,-595.885
18.13524,173.6253,135.6117,-596.0287
18.14507,173.9977,134.863,-596.327
18.15489,173.6235,135.0874,-596.2556
18.16472,174.0723,134.5642,-596.7022
18.17452,173.7736,135.2369,-596.0283
18.18434,174.2974,134.4153,-597.0002
18.19417,174.2226,134.6393,-596.7003
18.204,173.9978,135.0123,-596.1015
18.21379,173.4753,135.3877,-596.4062
18.22362,173.3242,135.3117,-596.1082
18.23345,173.5513,135.6128,-596.4045
18.24327,174.1495,134.9399,-596.925
18.25307,174.4494,134.8654,-596.9968
18.2629,174.0004,135.1646,-596.851
18.27272,173.8513,135.091,-597.3779
18.28255,174.5249,134.6423,-597.5967
18.29235,174.2262,135.0166,-597.4489
18.30217,174.3744,134.7908,-597.1479
18.312,174.2997,134.7164,-597.3741
18.32179,173.8501,135.3133,-596.4771
18.33162,174.2248,135.0895,-596.7736
18.34145,173.9265,135.5388,-596.6255
18.35127,174.6739,134.6413,-597.22
18.36107,174.3006,135.0905,-597.0728
18.3709,174.1499,135.2388,-596.5489
18.38072,174.674,134.5668,-597.3703
18.39052,174.3003,135.2394,-596.6973
18.40035,174.5988,134.641,-597.1459
18.41017,174.6741,134.7161,-597.1448
18.42,174.4493,134.6416,-597.3726
18.4298,174.5256,135.0907,-597.0702
18.43962,174.0764,135.3151,-596.9996
18.44945,174.6739,134.4175,-597.5958
18.45925,174.4476,134.2666,-597.374
18.46907,174.5267,135.1666,-597.3699
18.47887,174.6748,134.7916,-597.2945
18.4887,174.2263,135.2404,-597.0731
18.49849,174.3756,134.7922,-597.598
18.50832,173.8527,135.6894,-596.8508
18.51812,174.9746,134.7171,-597.3663
18.52794,174.3761,135.1658,-597.1466
18.53777,174.451,135.3895,-596.695
18.5476,174.4503,134.8666,-597.3718
18.55739,174.2258,135.3891,-596.6226
18.56722,173.4746,134.7902,-597.2333
18.57704,174.3726,134.4156,-597.0743
18.58684,174.675,134.7918,-597.3695
18.59667,174.973,134.3421,-597.3677
18.60649,174.6737,134.7902,-596.8445
18.61629,174.2229,134.4904,-597.0758
18.62615,174.6741,134.6416,-597.295
18.63594,174.5996,135.0897,-596.6943
18.64577,174.3011,135.1658,-597.1475
18.65556,174.224,134.7902,-596.9997
18.66539,174.6734,134.6407,-596.9951
18.67522,174.1499,135.0149,-596.9247
18.68501,174.825,134.7174,-597.518
18.69484,174.5993,134.6417,-597.3709
18.70467,174.0762,135.3149,-596.9246
18.71449,174.3,134.866,-597.2236
18.72429,173.8524,135.6144,-596.8511
18.73412,174.4513,135.0916,-597.371
18.74394,173.8514,135.3149,-597.0021
18.75374,174.4516,135.0172,-597.5963
18.76357,174.3006,135.0905,-597.0728
18.77339,174.5261,135.0914,-597.2952
18.78319,174.5263,135.0916,-597.3702
18.79301,174.5993,134.5672,-597.5212
18.80284,174.3775,135.3167,-597.4461
18.81264,174.6776,135.2425,-597.5929
18.82246,173.7039,135.6906,-597.3026
18.83229,174.3029,135.3916,-597.4467
18.84209,173.5539,135.6159,-597.4545
18.85191,174.5281,135.3921,-597.5191
18.86171,174.153,135.2424,-597.749
18.87151,173.7036,135.5411,-597.4531
18.88133,174.3758,134.7178,-597.8232
18.89116,173.6266,135.3894,-596.9294
18.90096,174.3766,134.8681,-597.8976
18.91078,174.4506,134.7177,-597.7474
18.92061,174.4505,134.8668,-597.4468
18.93041,174.1511,135.091,-597.2995
18.94023,173.5502,135.0893,-596.9314
18.95003,174.4516,135.0172,-597.5963
18.95985,174.1506,134.792,-597.6005
18.96968,173.7769,135.0916,-597.6038
18.97948,174.2266,135.017,-597.5989
18.9893,173.9278,135.242,-597.6765
18.99913,173.8503,134.9405,-597.2285
19.00893,173.6288,135.5412,-597.5289
19.01875,174.1523,135.167,-597.5992
19.02855,174.0771,135.0921,-597.6754
19.03838,174.0029,135.3914,-597.4502
19.0482,174.1515,134.8676,-597.8253
19.058,173.8526,135.5401,-597.0764
19.06783,174.8261,134.7933,-597.8178
19.07765,174.6015,134.8681,-597.8201
19.08745,174.6,134.7917,-597.3704
19.09728,174.6761,134.8677,-597.6693
19.1071,174.5265,135.1664,-597.2949
19.1169,174.5265,134.868,-597.821
19.1267,174.6782,135.2431,-597.8179
19.13652,174.4527,135.317,-597.5202
19.14632,174.4513,134.8677,-597.7468
19.15611,174.8256,134.6435,-597.8932
19.16594,174.753,135.1684,-597.8922
19.17574,174.0036,135.3923,-597.7502
19.18556,174.8277,135.019,-598.0419
19.19536,174.6765,134.8681,-597.8193
19.20515,174.2284,135.3922,-597.6725
19.21498,174.1528,135.1676,-597.8242
19.22478,173.5538,135.8396,-597.0037
19.2346,174.5251,134.6425,-597.6718
19.24443,174.4506,134.7923,-597.5971
19.25423,174.6019,135.0924,-597.5943
19.26405,174.3773,135.1672,-597.5966
19.27388,174.2268,135.3157,-597.1478
19.28371,174.5283,135.2432,-597.8945
19.2935,174.1512,134.942,-597.6
19.30333,174.2279,135.317,-597.5978
19.31313,174.5268,134.943,-597.8207
19.32292,174.2269,135.092,-597.5986
19.33275,174.0764,134.9421,-597.6759
19.34255,173.4039,135.6158,-597.4563
19.35237,174.0755,134.8664,-597.4512
19.36217,173.7751,134.8657,-597.3046
19.37199,173.7775,135.3907,-597.3027
19.38179,173.8523,135.0921,-597.7529
19.39162,173.4799,135.9154,-597.3043
19.40144,174.0783,135.3173,-597.7496
19.41124,174.0773,135.1669,-597.6001
19.42107,174.0022,135.2414,-597.4507
19.43089,173.8521,135.0173,-597.8282
19.44069,173.5529,135.6893,-596.9293
19.45052,174.0023,135.0177,-597.9014
19.46031,173.5505,134.8659,-597.4572
19.47014,174.0781,135.3171,-597.6746
19.47997,173.9254,134.7169,-597.6784
19.48976,174.2258,134.7177,-597.825
19.49959,174.0759,134.7923,-597.7514
19.50942,173.7029,135.0927,-597.9796
19.51921,173.6273,135.1665,-597.6052
19.52904,174.0775,135.018,-597.9755
19.53883,173.253,135.3161,-597.609
19.54863,174.2282,135.0936,-598.1236
19.55846,173.4028,135.2415,-597.6826
19.56825,174.0777,135.0182,-598.0505
19.57808,174.0029,135.0929,-597.9761
19.58788,173.7783,135.317,-597.753
19.5977,173.9268,134.9424,-597.8276
19.60753,173.7062,136.2156,-597.3007
19.61733,174.004,135.0943,-598.4261
19.62715,173.8544,135.393,-598.0518
19.63697,173.8535,135.2428,-597.9774
19.64677,173.4806,135.6179,-598.1303
19.6566,173.9285,135.019,-598.3523
19.66642,173.2557,135.5431,-598.2831
19.67622,173.4049,135.4678,-598.1317
19.68605,173.7067,135.6195,-598.5778
19.69587,173.631,135.3201,-598.8047
19.70567,173.1078,135.9932,-598.3583
19.7155,173.3319,135.6193,-598.657
19.72529,172.736,136.8171,-598.1347
19.73512,173.4831,135.8447,-598.7295
19.74494,173.3343,136.1443,-598.6552
19.75474,173.5577,135.8443,-598.5787
19.76457,173.6327,135.8444,-598.5778
19.77439,173.1085,136.2923,-598.0573
19.78419,173.7077,135.546,-599.103
19.79402,173.4823,135.6199,-598.8053
19.80384,173.4096,136.2939,-598.5038
19.81364,173.8559,135.3948,-598.6518
19.82347,173.4082,135.9939,-598.5049
19.83326,173.5556,135.618,-598.1295
19.84309,173.1826,135.8437,-598.508
19.85289,173.5571,135.6198,-598.7294
19.86271,173.6311,135.6933,-598.2034
19.87254,173.2588,136.069,-598.5814
19.88233,173.3326,135.7693,-598.6565
19.89216,173.0313,135.6929,-598.2852
19.90199,173.7807,135.3945,-598.5777
19.91178,173.4804,135.2447,-598.7316
19.92161,172.732,135.8426,-598.2881
19.93141,173.6312,135.6187,-598.3536
19.94123,172.5838,136.4413,-597.9127
19.95106,173.7818,135.545,-598.7271
19.96086,173.3306,135.3193,-598.6581
19.97068,173.5582,135.9941,-598.5031
19.98051,173.4064,135.5442,-598.5815
19.99031,173.6322,136.0676,-597.977
20.00013,173.7801,135.4684,-598.2025
20.00996,173.7068,135.3958,-599.0285
20.01975,173.7078,135.7699,-598.7272
20.02958,173.2592,135.9949,-598.8816
20.03938,173.1812,135.3198,-598.8848
20.0492,173.5573,135.62,-598.8044
20.05903,172.8822,135.7684,-598.5117
20.06883,173.7075,135.9188,-598.3517
20.07865,173.18,135.3185,-598.4348
20.08845,173.1069,135.9175,-598.1336
20.09828,173.5565,135.6191,-598.5045
20.1081,172.8834,136.3666,-597.9095
20.1179,173.5552,135.3191,-598.5056
20.12773,173.1077,135.993,-598.2833
20.13752,173.1071,135.9923,-598.0583
20.14735,173.1066,135.6187,-598.5096
20.15714,173.4054,135.6176,-598.0562
20.16697,173.1812,135.5437,-598.509
20.17677,173.3313,135.4693,-598.6575
20.18659,173.4065,135.6935,-598.3559
20.19639,172.9541,135.2426,-598.2127
20.20622,172.9582,136.068,-598.3597
20.21604,172.8812,135.618,-598.3622
20.22584,172.6591,136.4418,-598.0619
20.23567,172.9594,136.5917,-597.9079
20.24546,172.6602,136.6668,-598.0611
20.25529,172.2111,137.1151,-597.6147
20.26512,172.8841,136.442,-598.0593
20.27491,172.2864,137.1901,-597.6136
20.28474,172.7345,136.5169,-598.0607
20.29453,172.8081,136.2916,-597.9106
20.30436,171.9114,137.1898,-597.6179
20.31419,172.7335,136.5158,-597.6858
20.32398,172.0616,137.2647,-597.5409
20.33381,172.6598,136.5918,-598.0613
20.34364,173.1087,136.218,-598.2825
20.35347,172.5844,136.7404,-597.6118
20.36326,172.4347,136.4423,-598.2894
20.37309,173.3315,135.4695,-598.7325
20.38291,173.1828,135.6948,-598.8835
20.39274,173.1818,135.5444,-598.734
20.40254,173.1093,136.2186,-598.5075
20.41236,173.1816,135.6187,-598.5088
20.42219,172.5095,136.5167,-598.0634
20.43199,172.9578,135.7692,-598.7358
20.44181,172.5092,136.2926,-598.3641
20.45164,173.3321,135.3957,-599.1078
20.46144,172.7339,136.1433,-598.5121
20.47126,172.7354,136.518,-598.4357
20.48109,172.7318,135.4694,-598.8895
20.49088,172.6582,136.0677,-598.3632
20.50071,173.1823,135.6196,-598.8088
20.51054,173.1833,135.8446,-598.808
20.52033,172.5855,136.4433,-598.5878
20.53016,171.9846,136.591,-597.9941
20.53999,172.6596,136.2932,-598.5125
20.54978,172.8855,136.3691,-598.7346
20.55961,172.5833,135.9931,-598.5143
20.56944,172.3612,136.7424,-598.3643
20.57923,172.5847,136.4424,-598.2877
20.58906,172.5848,136.2934,-598.5883
20.59889,173.0326,135.8436,-598.5097
20.60868,172.4376,137.1171,-598.2121
20.61851,173.0336,135.994,-598.6591
20.62835,172.4336,136.068,-598.5158
20.63815,172.0594,136.4415,-598.1438
20.64798,172.7343,136.0692,-598.8124
20.65777,172.2839,136.2919,-598.2167
20.6676,172.659,136.0686,-598.6632
20.6774,172.5845,136.2183,-598.5886
20.68722,172.8852,136.2941,-598.7348
20.69705,172.8088,135.994,-598.7368
20.70685,172.5848,136.2934,-598.5883
20.71667,172.7341,136.1435,-598.5871
20.7265,172.4343,136.1434,-598.6655
20.73629,172.5102,136.5176,-598.3633
20.74612,172.7358,136.5185,-598.5858
20.75595,172.0586,136.0676,-598.5201
20.76574,172.6595,136.1439,-598.7379
20.77557,171.9861,136.7419,-598.2936
20.7854,172.8848,136.2191,-598.7351
20.79519,172.5832,136.0677,-598.3641
20.80502,172.4356,136.5925,-598.364
20.81485,172.8091,136.2927,-598.2856
20.82467,171.6122,137.0413,-598.2219
20.83447,172.4347,136.2184,-598.6652
20.8443,172.6603,136.4432,-598.5119
20.85412,172.5105,136.3687,-598.7389
20.86392,172.5096,136.3676,-598.3639
20.87375,172.284,136.3667,-598.1415
20.88357,172.8852,136.2941,-598.7348
20.89337,172.7348,136.2935,-598.5866
20.9032,172.4353,136.3684,-598.6647
20.91299,172.5848,136.2188,-598.7385
20.92282,172.585,136.2936,-598.6633
20.93264,172.508,136.0674,-598.2899
20.94244,172.2106,136.6669,-598.2163
20.95227,172.4351,136.5173,-598.2892
20.96209,172.3588,136.3665,-598.0656
20.97189,172.1329,136.2907,-597.8436
20.98172,172.5845,136.2183,-598.5886
20.99154,172.1343,136.5907,-597.8425
21.00134,173.0341,136.1438,-598.5837
21.01117,172.9579,135.993,-598.36
21.02099,172.6603,136.6671,-598.1361
21.03079,172.9592,136.293,-598.3589
21.04062,172.6593,136.5166,-597.9866
21.05044,172.7352,136.5178,-598.3607
21.06024,172.9584,136.1428,-598.2845
21.07006,172.6599,136.3682,-598.5121
21.07986,172.5831,135.9929,-598.4393
21.08969,172.8083,135.9934,-598.5118
21.09951,173.0326,135.8436,-598.5097
21.10931,172.5086,136.1426,-598.3647
21.11914,172.959,136.2928,-598.2839
21.12896,172.8828,136.0675,-598.2106
21.13876,172.4328,136.2162,-597.9152
21.14859,173.1065,135.6932,-598.3594
21.15841,172.2839,136.5903,-597.6907
21.16821,173.1068,135.7682,-598.3591
21.17804,172.7306,135.6172,-598.139
21.18786,173.1069,135.9921,-597.9833
21.19766,172.7309,135.7667,-597.9884
21.20749,172.4311,136.2141,-597.2403
21.21731,172.6566,135.9912,-597.8386
21.22711,172.6565,136.0657,-597.6883
21.23694,172.4312,135.916,-597.8414
21.24676,172.581,135.9904,-597.6144
21.25656,172.6541,135.3168,-598.0659
21.26639,172.2067,135.7671,-598.2944
21.27621,172.6547,135.5414,-597.915
21.28601,172.8813,135.7673,-598.1367
21.29583,172.7304,135.6169,-598.064
21.30566,171.9828,136.4396,-597.5447
21.31546,172.7302,135.7658,-597.6885
21.32528,171.8335,136.664,-597.3956
21.33511,172.7309,135.5428,-598.3642
21.34491,172.4317,135.9912,-597.916
21.35473,172.3567,135.9911,-597.9169
21.36456,172.7334,136.1426,-598.287
21.37436,171.908,136.5143,-597.4703
21.38418,172.881,135.6178,-598.2872
21.39401,172.7306,135.6172,-598.139
21.4038,173.0321,135.9922,-598.0591
21.41363,173.1053,135.5425,-598.1349
21.42346,172.9568,136.141,-597.6846
21.43325,172.8817,135.7677,-598.2867
21.44308,172.73,135.4671,-598.1395
21.45288,172.9553,135.5424,-598.1367
21.4627,172.9556,135.6174,-598.1364
21.47253,172.732,135.9172,-598.1379
21.48233,173.1063,135.693,-598.2844
21.49215,172.7313,135.8417,-597.9882
21.50195,173.2571,135.9924,-598.0566
21.51178,172.8798,135.4671,-598.0627
21.52157,172.281,135.9901,-597.6179
21.5314,172.8799,135.5419,-597.9875
21.54123,171.8315,136.1395,-597.5475
21.55102,173.1041,135.3173,-598.0607
21.56085,172.8792,135.3918,-597.988
21.57068,172.8048,135.6909,-597.6879
21.5805,172.6536,135.4655,-597.6154
21.5903,172.7296,135.6906,-597.6137
21.60013,172.6562,135.9162,-597.8388
21.60995,172.8051,135.542,-598.0634
21.61975,172.282,136.2151,-597.6171
21.62959,172.4299,135.616,-597.8425
21.63942,172.2056,135.7657,-597.8445
21.64922,172.8026,135.3152,-597.4642
21.65904,172.0556,135.9895,-597.4705
21.66887,172.7304,135.6169,-598.064
21.6787,172.7293,135.3172,-598.14
21.68849,172.7304,135.6915,-597.9136
21.69832,172.9545,135.5415,-597.8367
21.70815,172.2068,136.2894,-597.3926
21.71794,172.8797,135.5416,-597.9125
21.72777,172.5813,135.8416,-597.9899
21.7376,172.6556,136.0646,-597.3133
21.74739,172.6545,135.5412,-597.8401
21.75722,172.5816,136.215,-597.4636
21.76704,173.1796,135.3926,-598.1346
21.77687,173.0296,135.3924,-598.1363
21.78667,172.882,135.8427,-598.2864
21.79649,172.8802,135.393,-598.363
21.80629,172.9576,135.8435,-598.5106
21.81612,172.6554,135.6169,-598.0648
21.82594,172.2832,135.9928,-598.5178
21.83574,173.1073,135.9925,-598.1333
21.84557,173.1063,135.693,-598.2844
21.85539,173.033,136.0679,-598.2839
21.86519,173.4062,135.5439,-598.5065
21.87499,172.8826,136.2164,-597.8352
21.88481,173.6316,135.5446,-598.6539
21.89461,173.6319,135.6196,-598.6536
21.9044,173.6339,136.1441,-598.5018
21.91423,173.557,135.545,-598.8047
21.92403,173.7834,136.0691,-598.4253
21.93385,174.0069,135.62,-598.6492
21.94365,174.1565,135.3212,-599.0236
21.95348,174.0076,135.4715,-599.1748
21.9633,174.0839,135.7716,-599.1729
21.9731,173.5583,135.5466,-599.3298
21.98293,174.3082,135.6218,-599.1708
21.99272,173.71,135.7726,-599.6271
22.00255,174.0874,136.2979,-599.621
22.01238,173.9354,135.8478,-599.6243
22.02217,174.0868,136.3718,-599.2458
22.032,174.0097,135.9963,-599.098
22.04183,173.5624,136.6704,-598.9507
22.05162,174.6091,135.4739,-599.7678
22.06145,174.0112,135.9981,-599.6979
22.07127,174.1617,136.2226,-599.4703
22.0811,174.0104,135.7733,-599.7737
22.0909,174.0851,136.0714,-599.0968
22.10072,174.4612,135.9985,-599.6927
22.11055,174.2342,135.5483,-599.6969
22.12035,174.0856,136.0721,-599.3218
22.13017,173.859,135.6223,-599.476
22.14,173.7832,135.9943,-598.5005
22.1498,173.9306,135.3199,-598.6512
22.15962,173.5565,135.6191,-598.5045
22.16942,174.1548,135.3192,-598.3486
22.17924,173.8534,135.168,-598.0526
22.18907,173.1035,135.3166,-597.8358
22.19887,173.2523,135.0915,-597.7598
22.20869,173.1791,135.9142,-597.0078
22.21852,173.9255,134.8663,-597.4529
22.22832,173.6259,134.8665,-597.6063
22.23814,173.4005,135.0149,-597.1583
22.24797,173.7008,134.7917,-597.6807
22.25777,173.6257,135.3138,-596.7048
22.26759,173.7734,134.2668,-597.6817
22.27742,173.6989,134.4911,-597.4568
22.28725,173.7749,134.6416,-597.6054
22.29704,173.9986,134.3418,-597.6039
22.30687,174.0003,134.5677,-597.903
22.31667,173.5497,134.6411,-597.533
22.32649,174.0751,134.5676,-597.8272
22.33632,173.9259,134.8667,-597.6028
22.34612,173.9265,134.8674,-597.8279
22.35594,173.7013,134.867,-597.7555
22.36577,174.0762,134.718,-597.9766
22.37557,173.4775,135.092,-597.8323
22.38536,174.4521,134.6449,-598.4976
22.39519,174.1514,134.7183,-598.0508
22.40498,173.7798,135.3934,-598.2027
22.41478,174.3032,134.7953,-598.6487
22.42461,173.706,135.917,-597.7518
22.4344,174.2283,134.87,-598.5744
22.44423,174.2302,135.2452,-598.648
22.45403,174.6039,134.9455,-598.6448
22.46385,174.3054,135.2455,-598.7222
22.47368,174.3032,134.8698,-598.4985
22.48347,174.4537,134.9452,-598.5715
22.4933,174.4532,134.7208,-598.7973
22.50313,174.4564,135.4706,-598.7196
22.51292,174.3042,134.9457,-598.7982
22.52275,173.9312,135.5444,-598.5004
22.53258,173.7803,135.4686,-598.2774
22.54237,173.556,135.8423,-597.9036
22.5522,174.3056,135.1712,-598.9474
22.56203,174.0047,135.2443,-598.4256
22.57182,173.8553,135.4687,-598.2765
22.58165,174.0039,134.945,-598.6517
22.59148,173.4795,135.542,-597.8307
22.6013,174.3778,134.7949,-598.4979
22.6111,174.0031,134.9441,-598.3517
22.62093,174.0034,135.0936,-598.2012
22.63076,174.2272,134.8686,-598.1244
22.64056,174.004,135.5418,-597.5996
22.65039,174.2273,134.645,-598.5752
22.66021,174.1515,134.7931,-597.9755
22.67001,173.8517,134.8676,-597.9036
22.67984,174.0026,134.8689,-598.2769
22.68966,173.7765,134.8673,-597.8297
22.69946,173.7772,134.8682,-598.1296
22.70929,173.4034,135.2421,-597.9075
22.71911,173.7785,135.3173,-597.828
22.72891,173.5534,135.0932,-598.2064
22.73874,173.7043,135.6165,-597.6028
22.74853,174.0771,134.7191,-598.3516
22.75836,173.3299,135.8407,-597.4564
22.76819,174.2276,134.8691,-598.2744
22.77798,173.7779,135.0182,-598.129
22.78781,174.0032,135.2425,-597.8257
22.79764,173.7019,134.8677,-597.9804
22.80743,173.5525,135.1666,-597.6811
22.81726,173.7763,134.7925,-597.9048
22.82705,173.776,134.7175,-597.905
22.83688,173.4023,135.1662,-597.6078
22.84671,173.7754,134.7168,-597.6801
22.8565,173.4006,134.7912,-597.6092
22.86633,173.8498,134.4178,-597.9803
22.87613,173.176,135.0899,-597.2357
22.88595,173.5522,135.39,-597.1553
22.89578,173.401,135.0901,-597.2331
22.90558,173.1781,135.7637,-596.8583
22.9154,173.2507,135.2388,-596.8593
22.92523,173.1778,135.9872,-596.3325
22.93503,173.7002,134.7165,-597.606
22.94485,173.7016,135.3149,-597.0789
22.95468,173.9261,135.2399,-597.0015
22.9645,173.9235,134.4163,-597.4545
22.9743,173.3247,135.0139,-596.8593
22.98413,174.1489,134.3424,-597.7521
22.99395,173.7745,134.6411,-597.4554
23.00375,173.8513,134.8671,-597.7537
23.01358,173.7751,135.0148,-597.0041
23.02337,173.4749,135.0888,-596.7822
23.03317,172.6528,135.5392,-597.1651
23.043,173.028,135.8382,-596.7098
23.05279,173.7772,134.9427,-597.9792
23.06262,173.3269,135.0912,-597.6089
23.07242,172.8788,135.5405,-597.5375
23.08221,173.7008,134.7917,-597.6807
23.09204,173.1032,135.6146,-597.1597
23.10183,173.6268,134.9421,-597.8311
23.11163,173.7011,134.8668,-597.6805
23.12146,173.329,135.8396,-597.0814
23.13128,173.5517,134.8673,-597.9071
23.14111,172.8044,135.765,-597.3876
23.15091,174.0028,134.9436,-598.2017
23.16073,172.8762,135.0153,-597.4644
23.17056,173.4011,134.941,-597.5336
23.18036,173.4005,134.8658,-597.4589
23.19018,173.1746,134.566,-597.6125
23.20001,173.1754,134.7162,-597.687
23.20981,173.0991,134.7146,-597.1628
23.2196,172.8764,135.463,-596.7128
23.22943,172.9503,134.9397,-597.2388
23.23922,172.2025,135.5383,-597.0203
23.24902,173.2492,134.6402,-597.3115
23.25885,172.4283,135.7633,-596.942
23.26864,173.324,134.64,-597.2355
23.27847,173.026,135.0152,-597.3877
23.28827,172.8758,135.0148,-597.3144
23.29806,172.5773,135.1654,-597.6173
23.30789,172.6533,135.6889,-597.0897
23.31772,173.2509,134.9406,-597.4604
23.32754,172.878,135.5396,-597.2375
23.33734,172.4277,135.5387,-597.0928
23.34716,172.8763,135.1646,-597.2389
23.35699,172.9512,135.0899,-597.3133
23.36682,172.9511,134.9406,-597.5388
23.37661,172.8756,134.7907,-597.6152
23.38644,172.6507,134.9398,-597.3923
23.39627,172.9511,134.9406,-597.5388
23.40606,172.7281,135.3904,-597.5398
23.41589,172.6515,135.2392,-597.1662
23.42572,172.0561,136.1392,-597.3949
23.43554,172.9522,135.3894,-597.1622
23.44537,172.8769,135.1653,-597.4639
23.45517,172.4283,135.4648,-597.468
23.46499,172.6522,135.3146,-597.3159
23.47482,172.1266,135.388,-596.9467
23.48465,173.1013,134.9409,-597.6121
23.49447,172.7266,135.0156,-597.6161
23.5043,172.8029,135.4648,-597.3137
23.5141,173.0271,135.0911,-597.6874
23.52392,172.7289,135.6151,-597.4641
23.53375,172.8029,135.3902,-597.464
23.54358,172.728,135.241,-597.7654
23.5534,172.8015,134.9409,-597.6906
23.5632,172.7282,135.2413,-597.8404
23.57303,172.4285,135.3905,-597.6932
23.58285,172.9536,135.1674,-598.138
23.59265,172.2798,135.3919,-598.22
23.60247,172.8793,135.5412,-597.7626
23.6123,172.5015,134.866,-597.8443
23.6221,171.9804,135.9892,-597.3963
23.63194,172.052,135.3138,-597.2478
23.64177,172.1307,136.288,-596.9435
23.65159,172.8775,135.0914,-597.8392
23.66139,172.5779,135.39,-597.4666
23.67122,172.5047,135.9888,-597.0903
23.68104,172.6517,135.2394,-597.2412
23.69087,172.6526,135.6135,-596.9399
23.7007,172.8773,135.1657,-597.6139
23.71049,172.578,135.2409,-597.7671
23.72032,172.5048,135.7651,-597.541
23.73014,172.2024,135.3144,-597.3961
23.73994,172.2034,135.5394,-597.3953
23.74977,172.7263,134.866,-597.7667
23.75959,172.2034,135.3155,-597.7711
23.76942,172.3531,135.3154,-597.6944
23.77922,172.2774,135.3145,-597.3953
23.78904,171.8284,135.539,-597.3997
23.79887,172.0528,135.3892,-597.3976
23.80867,171.9037,135.9871,-596.7222
23.81849,172.5024,135.3147,-597.3927
23.82832,172.2758,135.1633,-597.0208
23.83815,172.0541,135.9877,-596.8704
23.84794,172.2014,135.164,-597.2466
23.85777,171.6789,135.9871,-596.7997
23.86757,171.6023,135.1645,-597.6285
23.87739,172.2771,135.2395,-597.3955
23.88722,172.4266,135.0898,-597.4694
23.89702,171.9772,135.314,-597.3237
23.90684,172.0511,135.0142,-597.3989
23.91667,172.0525,135.4636,-597.1723
23.92647,172.2776,135.2401,-597.6205
23.93629,172.2021,135.5378,-596.8703
23.94612,172.2014,135.0894,-597.3969
23.95594,171.8276,135.6127,-596.9493
23.96574,172.6528,135.6137,-597.0149
23.97557,171.4551,136.2866,-596.7263
23.98539,172.278,135.2406,-597.7705
23.99519,172.0522,135.3886,-597.1725
24.00502,171.9038,135.838,-597.0227
24.01484,171.9032,135.6134,-597.1735
24.02467,171.8302,136.0634,-597.1727
24.03447,172.1283,135.763,-596.9454
24.04429,171.8292,135.7638,-597.3239
24.05412,172.0527,135.4638,-597.2473
24.06392,171.8291,135.689,-597.3991
24.07374,171.8284,135.539,-597.3997
24.08357,172.353,135.2407,-597.7697
24.09337,171.9765,135.164,-597.3242
24.10319,171.9044,135.7641,-597.398
24.11302,172.2774,135.389,-597.245
24.12284,171.6779,135.7621,-596.8005
24.13264,171.8278,135.6129,-597.0244
24.14247,171.1538,135.8373,-597.0314
24.15229,172.427,135.3142,-597.2435
24.16212,172.127,135.463,-596.9465
24.17192,171.8283,135.8372,-596.7985
24.18174,172.0539,135.689,-597.3215
24.19157,171.8277,135.762,-596.7239
24.2014,172.4264,135.1642,-597.2441
24.21119,172.2777,135.3895,-597.395
24.22102,172.0542,135.8386,-597.171
24.23082,171.677,135.388,-597.1019
24.24064,171.9777,135.7621,-596.7221
24.25047,172.4264,135.0151,-597.5446
24.26027,172.5027,135.3897,-597.3924
24.27009,172.0525,135.4636,-597.1723
24.27992,171.7522,135.3137,-597.3263
24.28972,171.9779,135.3894,-597.4734
24.29954,171.976,135.1633,-597.0992
24.30937,171.5298,136.0626,-597.0262
24.31917,172.0529,135.5386,-597.172
24.32899,172.0519,135.239,-597.3231
24.33882,171.53,136.1374,-596.9509
24.34865,172.2779,135.3897,-597.47
24.35844,171.304,135.9867,-596.8041
24.36827,172.2777,135.1656,-597.7708
24.37809,171.9023,135.1648,-597.6251
24.38789,172.1271,135.2393,-597.3973
24.39772,172.1271,135.2393,-597.3973
24.40754,171.4519,135.2384,-597.33
24.41737,172.278,135.3151,-597.6202
24.42717,172.2014,135.164,-597.2466
24.43699,171.9796,135.7644,-597.4721
24.44682,171.9762,135.0144,-597.4748
24.45662,171.7524,135.314,-597.4013
24.46644,171.827,135.0897,-597.6262
24.47627,171.6035,135.4643,-597.5525
24.48607,172.279,135.4656,-597.7697
24.49589,171.6021,135.1643,-597.5535
24.50572,171.6046,135.8386,-597.3262
24.51551,171.528,135.3144,-597.6288
24.52534,170.9303,136.0625,-597.1831
24.53517,171.8286,135.5393,-597.4747
24.54496,171.3053,135.6153,-598.0053
24.55479,171.4555,135.8396,-597.7029
24.56459,171.6795,135.3909,-598.0768
24.57441,171.1541,135.6884,-597.4069
24.58424,172.1283,135.017,-598.298
24.59404,171.6774,134.9409,-598.0784
24.60386,171.7544,135.4655,-597.9257
24.61369,171.6017,134.9399,-597.7794
24.62349,171.5272,135.0151,-597.855
24.6333,171.7518,135.0894,-597.5521
24.64313,171.6,134.5649,-597.7807
24.65292,171.525,134.6394,-597.6313
24.66275,171.45,134.6393,-597.6321
24.67258,171.3004,135.162,-596.882
24.68237,171.675,134.6396,-597.6295
24.6922,170.9276,135.4625,-597.1852
24.70203,171.5252,134.8635,-597.3305
24.71182,171.3743,134.5638,-597.4833
24.72165,171.3765,135.2379,-597.1808
24.73148,171.5239,134.5635,-597.3315
24.7413,170.927,135.1634,-597.4863
24.7511,171.9735,134.1905,-597.8527
24.76092,171.4505,134.64,-597.8572
24.77075,171.7505,134.6403,-597.8537
24.78055,171.6005,134.7147,-597.7051
24.79037,171.5249,134.4901,-597.8568
24.8002,171.6002,134.5652,-597.8557
24.81,171.5257,134.6403,-597.9312
24.81982,171.6012,134.7902,-597.8549
24.82965,171.6747,134.3409,-598.0806
24.83945,171.0026,135.3135,-597.4849
24.84927,171.599,134.4145,-597.6312
24.8591,171.3009,134.6403,-598.0088
24.86893,171.7498,134.1919,-598.3802
24.87872,171.5251,134.4158,-598.082
24.88855,171.3739,134.265,-597.8594
24.89838,171.6738,134.2652,-597.8559
24.90817,170.7758,134.8635,-597.5641
24.918,171.3009,134.6403,-598.0088
24.92783,171.0745,134.4892,-597.712
24.93762,171.6738,134.4143,-597.5553
24.94745,171.3723,133.9647,-597.7854
24.95728,171.6729,134.2641,-597.4809
24.96707,171.5232,134.1151,-597.8582
24.9769,170.9252,134.8629,-597.3374
24.98672,171.3728,134.04,-597.8602
24.99652,171.4505,134.64,-597.8572
25.00635,171.2239,134.4887,-597.4853
25.01617,171.1501,134.6393,-597.7106
25.026,170.252,135.1627,-597.4941
25.0358,171.1503,134.714,-597.6353
25.04562,171.298,134.1892,-597.6354
25.05545,170.923,134.4127,-597.264
25.06528,171.4473,134.0394,-597.6343
25.0751,170.9243,134.7873,-597.1127
25.0849,171.7484,133.9664,-598.2311
25.09473,171.3715,133.74,-597.8612
25.10455,171.5231,134.1896,-597.7079
25.11438,171.1477,133.965,-597.9379
25.12418,170.9234,134.4877,-597.2637
25.134,171.373,134.1147,-597.7849
25.14383,171.6722,133.8157,-598.0074
25.15366,171.598,134.0404,-597.9324
25.16345,171.5985,134.1156,-598.0072
25.17328,171.5975,133.9652,-597.8578
25.18311,171.7476,133.7417,-598.3068
25.19293,171.0718,133.8147,-597.8644
25.20273,171.5975,133.9652,-597.8578
25.21255,171.5984,133.9663,-598.2328
25.22238,171.0754,134.8633,-597.4106
25.23221,171.2245,134.4148,-597.8605
25.242,170.9245,134.7875,-597.1876
25.25183,171.9716,133.5169,-598.305
25.26163,171.3739,134.1904,-598.0095
25.27145,171.1488,134.4138,-597.5613
25.28128,171.1494,134.2654,-598.0869
25.29108,171.1495,134.7132,-597.3353
25.3009,171.6732,134.1152,-597.8564
25.31073,171.1486,134.339,-597.6367
25.32052,170.9994,134.6382,-597.4124
25.33035,170.8489,134.5629,-597.3393
25.34018,171.072,134.1879,-597.2631
25.34997,171.1459,133.7391,-597.6388
25.3598,170.9211,134.112,-597.04
25.3696,171.1454,133.9623,-597.038
25.37942,171.0709,134.112,-596.9633
25.38925,170.8457,134.1861,-596.7407
25.39905,171.1452,134.0366,-596.8127
25.40887,170.3975,134.7099,-596.5189
25.41867,171.071,134.3358,-596.5875
25.4285,171.22,134.111,-596.5866
25.43829,170.6214,134.6343,-596.2167
25.44812,170.995,134.0362,-596.7395
25.45795,170.698,135.0839,-596.0642
25.46774,171.3691,133.8864,-596.6607
25.47757,170.9213,134.4852,-596.4387
25.48737,171.1449,134.26,-596.287
25.49719,170.995,134.3346,-596.2134
25.50699,170.9206,134.4098,-596.2891
25.51681,171.1445,134.185,-596.2873
25.52664,170.5439,134.109,-596.1444
25.53644,170.6983,135.308,-595.7634
25.54626,170.9207,134.6337,-595.9133
25.55609,170.6967,134.8584,-595.915
25.56589,171.2961,134.4854,-596.3594
25.57571,170.9215,134.8584,-595.8375
25.58554,171.5954,134.3357,-596.3565
25.59534,171.2209,134.5596,-596.1351
25.60516,170.9218,134.9334,-595.8372
25.61499,171.1455,134.783,-595.6102
25.62479,171.2225,135.3821,-595.3071
25.63463,171.8208,134.7093,-595.8276
25.64445,171.4471,135.0089,-595.8309
25.65425,172.0461,134.7845,-595.8248
25.66408,171.9707,134.784,-595.6756
25.6739,171.8215,135.1577,-595.301
25.6837,172.4959,134.7847,-595.7446
25.69353,172.0453,134.8582,-595.3745
25.70335,172.2706,134.9334,-595.3716
25.71315,172.3447,134.8578,-595.1461
25.72298,172.1215,135.3819,-594.9218
25.7328,172.1953,135.1568,-594.8467
25.74263,172.1992,136.0565,-594.7686
25.75243,172.795,135.0078,-594.9904
25.76225,172.9447,134.9329,-594.9889
25.77208,172.2713,135.6802,-594.319
25.78191,172.7201,135.157,-594.7657
25.7917,172.4203,135.5299,-594.1678
25.80153,173.3951,135.1577,-594.7579
25.81136,173.4702,135.3071,-594.5316
25.82115,173.545,135.3815,-594.3054
25.83098,173.9188,135.082,-594.3772
25.8408,173.8457,135.7556,-593.9257
25.8506,173.9202,135.3075,-594.5264
25.86043,174.0687,135.2313,-594.075
25.87025,174.1455,135.4573,-594.3733
25.88008,174.2948,135.3074,-594.3721
25.88988,174.7439,134.9337,-594.6682
25.8997,174.668,134.858,-594.4444
25.90953,174.821,135.6077,-594.29
25.91936,174.8959,135.6823,-594.1389
25.92918,175.2681,135.0079,-594.2119
25.93898,175.0477,136.2068,-593.9103
25.94881,175.5687,134.8598,-594.7339
25.95863,175.1218,136.2057,-593.5344
25.96843,175.7195,135.1593,-594.5062
25.97826,175.569,135.3077,-594.0574
25.98808,175.7951,135.4584,-594.2043
25.99791,175.8702,135.6078,-593.9779
26.00771,175.9454,135.9811,-593.3757
26.01753,176.3946,135.6822,-593.5966
26.02736,176.3189,135.5321,-593.598
26.03715,176.3944,135.682,-593.5216
26.04698,176.7667,135.0823,-593.5194
26.05681,177.0673,135.3072,-593.3651
26.06663,176.992,135.083,-593.6669
26.07643,176.5416,135.2312,-593.2215
26.08626,177.2156,134.9323,-593.3647
26.09605,177.0652,135.0808,-592.916
26.10588,176.9899,135.1551,-592.6916
26.11568,177.291,135.3058,-592.8376
26.1255,176.5414,135.604,-592.4702
26.13533,177.5895,134.7822,-593.211
26.14513,178.038,134.4824,-593.132
26.15495,177.739,134.7817,-592.9843
26.16478,177.8885,134.632,-593.0581
26.17458,177.5884,135.2284,-591.9344
26.1844,176.9886,134.7805,-592.843
26.19423,177.8119,134.4809,-592.6845
26.20402,178.0384,134.8559,-592.6056
26.21385,177.7366,134.4058,-592.6857
26.22368,178.0361,134.4802,-592.382
26.23351,177.436,134.4048,-592.4641
26.24333,178.1121,134.4814,-592.7561
26.25313,178.1862,134.7042,-592.0044
26.26296,178.1848,134.1803,-592.3813
26.27278,177.6599,134.4037,-592.0115
26.28258,178.7825,133.8052,-592.1508
26.2924,177.4335,134.4019,-591.4891
26.3022,178.707,133.7299,-592.0768
26.31203,178.779,133.2789,-591.7026
26.32182,178.4058,133.8774,-591.3298
26.33165,178.779,133.3534,-591.5524
26.34148,178.3316,134.1021,-591.2549
26.35127,179.0764,132.6046,-591.8515
26.3611,178.5525,132.9039,-591.7815
26.37093,178.6266,132.8283,-591.556
26.38075,178.7775,132.9787,-591.6287
26.39058,178.6998,132.6025,-591.2559
26.40037,178.8496,132.3785,-591.5549
26.4102,178.6994,132.3036,-591.6319
26.42003,178.4754,132.6029,-591.4835
26.42986,178.5497,132.5276,-591.3329
26.43965,178.476,132.8275,-591.3327
26.44948,178.4722,131.9277,-591.4109
26.45931,178.5492,132.3778,-591.4084
26.46913,178.7719,131.7784,-591.5579
26.47896,178.3221,131.8528,-591.4879
26.48875,178.0964,131.7026,-591.491
26.49858,178.0973,131.7783,-591.7157
26.50841,177.4222,132.0012,-591.2727
26.51823,178.0225,131.7784,-591.7916
26.52803,177.7211,131.3288,-592.0215
26.53786,177.6468,131.7026,-591.6461
26.54768,177.7959,131.3286,-591.9457
26.55751,178.0209,131.4782,-591.7176
26.56731,177.944,130.8045,-592.1709
26.57713,177.2686,130.654,-592.2541
26.58696,177.718,130.5792,-592.1743
26.59679,177.4179,130.5787,-592.1027
26.60661,177.116,130.2032,-592.0325
26.61641,177.1913,130.3528,-591.881
26.62624,176.5155,130.1274,-591.9646
26.63605,176.7393,130.1263,-591.5121
26.64588,176.5117,129.4515,-591.6671
26.6557,176.1385,130.05,-591.2943
26.6655,176.2108,129.1517,-591.8216
26.67533,175.7621,129.8988,-590.9991
26.68512,176.5096,128.7776,-592.0444
26.69495,176.1328,128.6259,-591.5993
26.70475,175.7579,128.7749,-591.3781
26.71457,175.8314,128.4747,-591.3033
26.7244,175.6808,128.623,-590.7795
26.73423,175.6052,128.3239,-591.0815
26.74402,175.6776,127.7241,-591.1577
26.75385,175.3786,127.7995,-591.3859
26.76368,175.1511,127.4234,-591.0898
26.77347,174.9261,127.4232,-591.0924
26.7833,175.3,126.9747,-591.4647
26.79309,174.7752,126.9744,-591.5457
26.80289,175.2246,126.8249,-591.5411
26.81272,174.9232,126.5246,-591.5456
26.82251,174.4734,126.5989,-591.4755
26.83234,174.6212,126.1488,-591.4004
26.84217,173.4231,126.7468,-591.1121
26.85196,174.2448,125.8484,-591.4058
26.86179,174.1701,125.6995,-591.7821
26.87162,173.7193,125.8473,-591.1868
26.88144,173.8698,125.6242,-591.7858
26.89124,173.1955,126.072,-591.267
26.90107,173.7187,125.2498,-592.0139
26.91089,173.417,124.8745,-592.0187
26.92069,173.1923,125.0238,-591.8707
26.93052,172.8168,124.9482,-591.8003
26.94034,172.6655,124.499,-592.1036
26.95017,173.1122,123.6749,-592.2514
26.95997,172.8132,123.825,-592.4043
26.96979,172.6634,123.8251,-592.481
26.97962,172.2901,124.5727,-591.8077
26.98945,171.7645,124.3477,-591.9645
26.99924,171.9126,123.6741,-592.4152
27.00907,171.2389,124.1226,-592.1213
27.01889,171.7634,123.8242,-592.4914
27.02872,171.3855,123.0743,-592.6484
27.03852,171.0869,123.5979,-592.275
27.04834,171.1617,123.2993,-592.7251
27.05817,170.5655,124.3476,-592.3533
27.06797,170.7107,123.0739,-592.7311
27.07779,170.111,123.1483,-592.7377
27.08759,170.1854,122.9239,-592.8877
27.09742,170.1854,122.8493,-593.038
27.10724,170.0341,122.773,-592.665
27.11707,169.8112,123.2228,-592.666
27.1269,169.2865,123.3718,-592.5214
27.13669,169.136,123.2219,-592.5987
27.14652,169.0592,122.6975,-592.8264
27.15635,168.8373,123.3723,-592.8266
27.16614,168.9844,122.6977,-592.9023
27.17597,168.3126,123.4468,-592.8324
27.1858,168.9834,122.3981,-593.0533
27.19562,168.8353,122.6987,-593.279
27.20542,168.2367,123.0726,-593.1346
27.21522,167.935,122.9212,-592.7636
27.22504,167.2615,123.4444,-592.3945
27.23487,167.7857,123.1456,-592.6145
27.24466,167.8596,122.6968,-592.9902
27.25449,167.4104,122.9957,-592.7693
27.26432,167.5594,122.8454,-592.6182
27.27414,167.2621,123.669,-592.2437
27.28397,167.7085,122.6953,-592.5419
27.29377,167.2598,123.0694,-592.3958
27.30359,167.2607,123.0706,-592.7708
27.31342,167.0354,123.0699,-592.6234
27.32325,166.5864,123.2945,-592.6277
27.33307,166.7363,123.4437,-592.3255
27.3429,166.6635,123.8193,-592.55
27.3527,167.1873,123.4453,-592.6954
27.36252,167.0384,123.6703,-592.7712
27.37235,166.5142,124.0437,-592.4009
27.38218,167.0393,123.8206,-592.8457
27.39197,166.3668,124.8672,-591.9498
27.4018,167.1907,123.9716,-593.1434
27.41163,166.6655,124.12,-592.7739
27.42145,166.8178,124.7197,-592.6201
27.43128,167.0431,124.7949,-592.6172
27.44108,167.0441,125.169,-592.316
27.4509,167.4932,124.5717,-593.0629
27.46073,167.2717,125.2469,-593.2131
27.47055,167.1957,125.2457,-592.8389
27.48035,167.7206,125.1714,-592.9081
27.49018,167.4942,124.9458,-592.7615
27.5,167.9445,124.9467,-592.9064
27.5098,167.8687,125.0202,-592.457
27.51963,168.0237,126.2199,-592.301
27.52945,167.8717,125.7698,-592.3043
27.53925,167.4975,126.0687,-592.0825
27.54908,168.3199,125.2459,-592.526
27.5589,167.949,126.444,-592.001
27.5687,168.8449,125.321,-592.3697
27.57853,168.6198,125.5444,-591.9215
27.58835,168.9215,126.069,-591.6912
27.59818,168.6981,126.369,-591.7677
27.60798,169.1452,126.1422,-591.0134
27.6178,168.6968,126.2929,-591.393
27.62763,169.5977,126.5933,-591.2316
27.63746,169.2247,127.192,-590.9338
27.64726,169.6736,126.669,-591.4555
27.65709,170.1233,126.669,-591.3003
27.66691,169.9743,126.8193,-591.4515
27.67671,170.0504,127.1937,-591.2242
27.68654,170.3494,126.8945,-591.3719
27.69636,170.7992,126.9692,-591.1415
27.70619,170.2752,127.2683,-590.9965
27.71599,170.9507,127.4187,-590.9131
27.72581,170.8015,127.7179,-590.6888
27.73564,171.699,127.0444,-590.9058
27.74547,171.9231,126.8199,-590.9791
27.75526,171.776,127.4945,-590.9034
27.76509,172.2233,126.8949,-590.9003
27.77491,171.7001,127.7171,-590.1534
27.78471,172.8232,126.7462,-591.119
27.79454,172.8979,126.8206,-590.8928
27.80436,173.2722,126.82,-590.5885
27.81416,173.4985,127.0457,-590.7352
27.82396,173.5702,126.5942,-590.2109
27.83378,174.0983,127.1206,-590.5029
27.84361,174.172,126.7461,-590.6534
27.85341,174.0222,126.9701,-590.3544
27.86323,174.3203,126.6697,-590.127
27.87306,173.8734,127.3443,-590.1298
27.88289,174.5468,126.8208,-590.4238
27.89268,174.4727,127.2694,-589.9732
27.90251,175.1458,126.7457,-590.1922
27.91234,174.8476,127.2697,-589.9689
27.92216,174.6225,127.4932,-589.5207
27.93199,174.8479,127.4193,-589.8184
27.94178,175.0729,127.4941,-589.6655
27.95161,175.6736,127.1226,-590.6349
27.96144,175.972,126.9717,-590.257
27.97127,176.1216,126.9714,-590.1052
27.98106,176.4212,126.6729,-590.4778
27.99089,176.4225,127.0474,-590.3265
28.00068,176.7976,126.8987,-590.6227
28.01048,176.6449,126.2985,-590.6266
28.02031,176.6482,127.1976,-590.3234
28.03013,176.8704,126.5231,-590.3981
28.03996,177.0227,127.0482,-590.3945
28.04979,177.0937,126.1483,-590.3969
28.05958,177.3207,126.5985,-590.3927
28.06941,177.8446,126.5231,-590.087
28.07924,177.8439,126.4477,-589.9373
28.08906,177.6197,126.6722,-589.8641
28.09886,177.995,126.4492,-590.3855
28.10869,177.1714,126.9722,-590.0182
28.11851,178.0696,126.4488,-590.2346
28.12834,177.9199,126.5982,-590.0858
28.13813,177.9961,126.898,-590.0089
28.14796,178.3684,126.2238,-590.157
28.15779,178.5197,126.5985,-590.004
28.16758,178.4432,125.9253,-590.6072
28.17741,178.5206,126.3012,-590.905
28.18721,178.2208,126.3757,-590.8332
28.19703,178.4449,126.3003,-590.6059
28.20683,177.7714,126.5998,-590.6876
28.21666,178.0715,126.5256,-590.8344
28.22648,178.072,126.6008,-590.9091
28.23631,178.1485,126.9011,-590.9822
28.24611,177.6978,126.6013,-591.2134
28.25593,177.6246,127.1256,-590.9874
28.26576,177.772,126.3021,-591.4387
28.27556,177.1007,127.4994,-590.7671
28.28538,177.9994,126.6037,-591.8849
28.29518,177.0987,126.6019,-591.5953
28.30501,177.1,126.9019,-591.5942
28.3148,176.8745,126.528,-592.0481
28.32463,176.7261,127.1265,-591.5978
28.33446,176.8781,127.2037,-592.2707
28.34428,176.6514,126.7539,-592.4249
28.35408,176.5034,127.0545,-592.6505
28.3639,175.9784,126.9794,-592.8069
28.3737,175.9048,127.2048,-592.957
28.3835,175.3059,127.2801,-593.2635
28.39332,175.3075,127.5058,-593.4877
28.40315,175.5341,127.7317,-593.7094
28.41295,174.9348,127.8065,-593.866
28.42277,174.862,128.1821,-594.0905
28.4326,174.7134,128.4074,-594.2414
28.44243,174.3401,129.2296,-593.4178
28.45222,174.8655,128.7085,-594.5386
28.46205,174.2659,128.7084,-594.6955
28.47187,173.8157,128.7822,-594.4755
28.48167,173.7413,128.6337,-595.0018
28.4915,173.5933,129.5311,-594.1754
28.50132,173.967,128.784,-594.9987
28.51115,173.7423,128.9333,-594.8507
28.52095,173.368,129.0829,-594.8545
28.53077,173.2925,129.0822,-594.6304
28.5406,173.3667,128.7829,-594.8556
28.5504,173.3659,128.782,-594.5556
28.56022,173.0674,128.8581,-595.0087
28.57005,172.9923,129.0071,-594.7091
28.57988,172.7692,129.3076,-594.9355
28.5897,172.2447,129.5314,-594.7159
28.5995,172.4706,129.5327,-595.0883
28.60933,171.5719,129.981,-594.797
28.61915,172.2476,130.1316,-594.7887
28.62898,171.7967,129.6825,-595.2455
28.63882,171.6492,130.3567,-595.0198
28.64862,171.5722,129.7575,-595.3228
28.65844,171.0491,130.4307,-594.8765
28.66827,171.3466,129.4582,-595.6265
28.6781,170.9735,129.8331,-595.7044
28.68793,170.6741,130.1319,-595.4068
28.69772,170.6015,130.3584,-595.9319
28.70755,170.4494,129.9082,-595.9352
28.71738,170.4525,130.4342,-596.2333
28.7272,170.0003,129.9835,-596.1651
28.73703,169.7767,130.5817,-595.6406
28.74682,169.4769,130.3578,-596.0948
28.75665,169.0268,130.5064,-595.7994
28.76648,169.401,130.282,-595.871
28.7763,168.5814,131.7051,-595.5004
28.7861,168.8029,130.5821,-596.1017
28.79593,168.8049,131.0321,-596.1002
28.80575,167.9799,131.1059,-595.9594
28.81555,168.2038,130.7318,-596.1832
28.82538,167.0817,131.6293,-595.7429
28.8352,167.68,130.8819,-596.4136
28.845,167.529,130.5822,-596.5664
28.85483,167.4556,130.8078,-596.7915
28.86465,166.8543,130.5073,-596.7994
28.87445,166.7819,131.2563,-596.4976
28.88428,166.9302,130.583,-597.0233
28.8941,166.6302,130.8066,-596.6509
28.90393,165.9568,131.1807,-596.5823
28.91373,165.7324,131.1066,-596.9602
28.92355,165.206,130.8807,-596.8171
28.93338,164.9088,131.2567,-597.2692
28.9432,164.8335,131.1817,-597.2703
28.953,165.0601,131.2584,-597.7925
28.96283,164.3861,131.3334,-598.0249
28.97265,163.938,132.0067,-597.5778
28.98248,164.012,131.3342,-598.4042
28.99231,163.1146,132.157,-597.9617
29.00213,163.7862,131.0347,-598.6329
29.01193,162.9638,131.4846,-598.8657
29.02176,162.7415,132.1589,-598.7159
29.03158,162.5135,131.4837,-598.7209
29.04141,161.4663,132.232,-598.5053
29.05121,162.2906,131.4859,-599.5485
29.06103,161.7659,131.5604,-599.5542
29.07086,161.3183,132.085,-599.5575
29.08066,161.2422,131.5615,-600.0853
29.09048,161.3173,131.487,-600.2347
29.10031,161.0913,131.2618,-600.2381
29.11014,160.4175,131.4118,-600.4703
29.11993,160.4938,131.5626,-600.6938
29.12976,159.8933,131.3377,-600.9266
29.13959,160.0438,131.4876,-600.8494
29.14938,160.19,130.5134,-601.0761
29.15921,159.2935,131.4119,-600.8582
29.16904,159.965,130.5132,-601.0787
29.17883,159.8899,130.4384,-601.1547
29.18866,159.5158,130.5137,-601.3838
29.19848,159.8149,130.0653,-601.8319
29.20831,159.1421,130.8133,-601.3871
29.21814,159.8897,129.9906,-601.9063
29.22796,159.5872,129.4651,-601.8366
29.23779,159.213,129.6895,-601.7652
29.24759,159.5864,129.1658,-602.0627
29.25741,159.3596,128.7158,-602.1419
29.26724,159.5099,128.8655,-601.9896
29.27704,159.1357,128.7915,-602.4442
29.28686,159.8102,128.5678,-602.6622
29.29669,159.3594,128.3426,-602.7432
29.30652,158.9099,128.4174,-602.8231
29.31631,158.9841,128.1927,-602.8981
29.32614,158.4596,128.4165,-602.6783
29.33597,159.2072,127.8177,-602.8218
29.34576,158.9826,127.594,-603.3501
29.35559,158.9077,127.6687,-603.2758
29.36538,159.0568,127.2948,-603.5754
29.37521,158.3099,128.1929,-603.2058
29.38501,159.2076,127.0722,-604.3244
29.39483,158.6834,127.371,-604.1044
29.40463,158.4594,127.5958,-604.1061
29.41446,158.6828,127.0719,-604.4055
29.42428,158.2342,127.446,-604.2593
29.43408,158.4611,127.7469,-604.4806
29.44391,158.084,126.9236,-605.1628
29.45373,158.3871,127.5243,-605.3073
29.46353,158.5354,127.2986,-605.0063
29.47336,157.7112,127.448,-605.0903
29.48318,158.4592,126.7003,-605.6093
29.49298,158.0872,127.4495,-605.461
29.50278,158.0119,127.2253,-605.7626
29.5126,158.2365,127.0012,-605.9858
29.52243,158.0131,127.4505,-605.8368
29.53223,158.1638,127.6007,-605.8345
29.54205,157.6397,127.9743,-605.5393
29.55188,158.4648,127.453,-606.5066
29.56167,158.3127,127.0774,-606.3596
29.5715,158.0908,127.7522,-606.3598
29.58133,158.6879,127.078,-606.4304
29.59112,158.2397,127.6019,-606.2087
29.60095,158.6151,127.2297,-607.0307
29.61078,158.7651,127.2299,-607.029
29.62057,158.4649,127.3039,-606.8071
29.6304,158.9145,127.3784,-606.5017
29.64022,158.6157,127.5288,-606.7296
29.65005,159.2896,127.0806,-607.0984
29.65984,158.9904,127.3051,-607.0261
29.66967,159.5888,127.1545,-606.6448
29.67946,159.4387,127.0796,-606.7217
29.68929,158.9893,127.3037,-606.5761
29.69912,159.5893,127.3043,-606.5692
29.70891,159.4403,127.8276,-606.0441
29.71874,160.0401,127.3056,-606.864
29.72857,159.889,127.155,-606.7162
29.73839,160.0416,127.8297,-606.5621
29.74819,159.8904,127.6044,-606.4897
29.75802,160.0415,128.1279,-605.9611
29.76784,159.214,127.2289,-606.5738
29.77764,160.4902,127.6047,-606.4078
29.78747,160.565,127.3807,-606.7077
29.79729,160.4902,127.7538,-606.1072
29.80709,160.3402,127.6791,-606.2593
29.81692,160.6414,127.9046,-606.33
29.82671,160.3406,127.978,-605.8832
29.83654,160.7168,128.2036,-605.953
29.84634,161.1649,127.8288,-605.8742
29.85616,160.7192,128.654,-606.1014
29.86599,160.9413,128.054,-606.026
29.87579,160.4205,129.4012,-605.2773
29.88561,161.3177,128.3544,-606.0206
29.89544,161.3931,128.6533,-605.6437
29.90523,161.021,129.4771,-605.3452
29.91506,160.8721,129.6274,-605.4963
29.92489,161.0201,129.7744,-604.444
29.93471,161.5464,129.7764,-604.963
29.94451,161.545,129.3271,-605.1896
29.95434,161.7722,129.703,-605.4107
29.96416,161.621,129.4776,-605.3383
29.97399,162.2211,129.7021,-604.9555
29.98379,162.2216,129.7028,-605.1805
29.99361,162.0731,130.1519,-604.9557
30.00344,162.2986,130.2274,-605.0278
30.01324,162.2227,130.1516,-604.8039
30.02306,162.0741,130.7499,-604.2786
30.03289,162.5988,130.5263,-604.5733
30.04269,162.224,130.8246,-604.1266
30.05251,163.0471,130.2263,-604.4191
30.06234,162.8973,130.5248,-603.9699
30.07214,162.0742,131.2722,-603.3767
30.08196,163.1227,130.8239,-603.5912
30.09179,162.2995,131.7204,-602.6975
30.10158,163.2715,130.8227,-603.1395
30.11141,163.3479,131.1973,-602.9873
30.12124,163.2726,131.2715,-602.7629
30.13103,163.4972,131.3459,-602.4601
30.14086,163.3475,131.4953,-602.3113
30.15069,163.8722,131.4208,-602.3055
30.16051,163.7215,131.3452,-602.1575
30.17031,163.8741,132.0944,-601.8531
30.18014,163.7239,132.0941,-601.7798
30.18996,163.4231,132.1674,-601.3331
30.19976,164.0959,131.6433,-601.4022
30.20959,163.6473,132.2413,-600.8803
30.21938,164.5475,132.1678,-601.0951
30.22921,164.5464,132.1665,-600.6451
30.23904,164.3238,132.9151,-600.2701
30.24886,164.696,132.0916,-600.6437
30.25866,164.7733,133.1388,-599.6641
30.26849,165.1452,132.1657,-600.1883
30.27831,165.2961,132.3906,-600.1108
30.28811,165.294,132.3136,-599.4361
30.29793,165.6712,132.6896,-599.6554
30.30773,165.6698,132.9117,-598.6797
30.31756,165.9708,132.8386,-599.2014
30.32738,165.6709,132.9131,-599.1296
30.33718,165.8963,133.2121,-598.751
30.34701,165.9699,132.9868,-598.601
30.3568,165.9718,133.1381,-599.0504
30.36663,166.1201,133.0617,-598.5239
30.37646,166.4215,133.5858,-598.1436
30.38625,166.7962,133.4367,-598.2899
30.39608,166.5706,133.5103,-597.9172
30.4059,166.2727,134.1839,-597.5433
30.4157,166.4244,134.4845,-597.6905
30.42553,165.8236,134.6321,-597.0969
30.43535,166.7983,134.409,-597.3864
30.44515,167.0217,133.9596,-597.5355
30.45498,167.0982,134.6329,-596.9322
30.4648,167.3974,134.2593,-597.3051
30.47463,166.8734,134.6329,-597.0098
30.48446,167.4703,134.033,-596.855
30.49425,167.4729,134.8567,-596.4021
30.50408,167.5482,134.9317,-596.4009
30.51391,167.9229,134.8571,-596.3969
30.5237,167.6984,135.3051,-595.7979
30.53353,167.9978,135.3047,-595.5695
30.54336,167.6229,135.2298,-595.7241
30.55315,168.4482,135.3056,-595.7143
30.56298,168.6725,135.2304,-595.562
30.57281,168.1498,136.1278,-594.8898
30.58263,168.8212,135.1544,-595.1855
30.59243,168.076,136.6514,-594.4389
30.60226,169.0479,135.7535,-594.8058
30.61208,168.9728,135.6786,-594.882
30.62191,169.2742,136.2028,-594.5017
30.63174,169.0482,135.9776,-594.5051
30.64155,168.824,136.5751,-593.7556
30.65137,169.7226,135.9776,-594.2723
30.6612,169.4989,136.4264,-593.9733
30.67102,169.6505,136.8761,-593.8199
30.68082,169.7981,136.4258,-593.6699
30.69065,169.5757,137.1001,-593.52
30.70047,169.3501,136.9499,-593.5231
30.7103,169.7257,137.1748,-593.3681
30.7201,170.0988,136.8,-593.2901
30.72992,170.4747,137.1744,-592.9845
30.73975,169.6517,137.7727,-592.6918
30.74955,170.2496,137.174,-592.9121
30.75937,169.8764,137.698,-592.6895
30.7692,170.9257,137.549,-592.678
30.779,170.6999,137.5479,-592.3806
30.78882,170.3267,138.2209,-591.8575
30.79865,170.9256,137.7726,-592.2272
30.80845,170.0293,138.9697,-591.5583
30.81827,170.9267,138.1469,-592.0009
30.82807,170.4025,138.6696,-591.4051
30.8379,170.48,139.2695,-591.3271
30.84772,170.3269,138.445,-591.5567
30.85752,170.7792,139.1195,-591.2491
30.86734,170.8526,138.8194,-591.1743
30.87717,170.7033,138.9692,-591.1755
30.88697,170.8534,139.1187,-590.9483
30.89679,171.3789,139.1944,-591.017
30.90662,170.6304,139.7176,-590.6488
30.91642,170.7067,140.0177,-590.6469
30.92624,170.0326,140.4657,-590.203
30.93607,171.1568,140.242,-590.2659
30.94587,170.9308,139.9422,-590.4195
30.95569,171.3833,140.5424,-590.3372
30.96552,171.3063,140.0178,-590.4899
30.97531,170.4824,140.5404,-589.9727
30.98514,171.7581,140.468,-590.4081
30.99497,171.5341,140.6928,-590.4099
31.00476,171.3092,140.991,-589.8865
31.01459,171.3842,140.9165,-590.0359
31.02442,171.1591,141.0654,-589.738
31.03421,171.3105,141.4401,-589.585
31.04404,171.459,140.9164,-589.9601
31.05387,171.6097,141.3649,-589.4318
31.06369,171.6091,141.1404,-589.5826
31.07349,171.3104,141.813,-588.9086
31.08332,171.8314,140.9136,-588.9058
31.09314,171.3095,141.8119,-588.5336
31.10294,171.5339,141.5876,-588.6818
31.11277,171.5341,141.8117,-588.3811
31.12259,171.1596,142.2595,-587.7838
31.13239,171.3849,142.4093,-587.6307
31.14222,170.7097,142.7814,-586.8871
31.15204,171.7574,141.8844,-587.5532
31.16184,171.6074,142.1081,-587.1791
31.17167,171.1581,142.7052,-586.3572
31.18149,171.2313,142.181,-586.5833
31.19129,171.0081,143.0035,-585.8329
31.20111,171.455,142.0305,-586.3562
31.21091,171.1577,142.7048,-586.2073
31.22074,171.3078,142.7797,-586.1302
31.23053,171.1576,142.8539,-585.9067
31.24036,170.7074,143.0023,-585.5363
31.25019,170.9321,142.853,-585.6843
31.25998,171.0818,142.8529,-585.6075
31.26981,171.0095,143.6019,-585.3058
31.27961,171.1569,143.1514,-585.0807
31.28943,170.484,143.7501,-584.8613
31.29923,171.0081,143.3765,-585.1566
31.30906,170.484,144.123,-584.185
31.31888,171.1562,143.3744,-584.4049
31.32868,170.4837,143.9735,-584.3356
31.3385,170.4096,144.4221,-583.8849
31.34833,169.8849,144.3472,-584.1161
31.35813,170.4837,144.421,-583.509
31.36795,170.408,143.898,-584.1867
31.37778,170.4088,144.2718,-583.8104
31.38758,170.2601,144.5717,-583.8111
31.3974,170.3346,144.4966,-583.7355
31.40723,170.2583,144.1219,-583.8877
31.41706,169.6596,144.4213,-583.8935
31.42685,170.0358,144.7215,-583.8131
31.43668,169.7376,145.2455,-583.5897
31.44651,169.735,144.7203,-583.5166
31.45633,169.4375,145.1704,-583.6684
31.46613,169.7349,144.571,-583.7421
31.47596,168.989,145.5448,-583.5973
31.48575,169.6601,144.5711,-583.818
31.49558,169.2875,145.0212,-583.9706
31.50541,168.7624,145.3189,-583.3757
31.5152,168.539,145.7682,-583.2267
31.525,168.3879,145.7667,-582.7784
31.53479,168.9884,145.4696,-583.5225
31.54462,168.7626,145.3191,-583.4507
31.55442,168.6141,145.6938,-583.376
31.56421,168.1623,145.4674,-583.082
31.57404,168.0136,145.618,-583.3082
31.58384,167.5615,145.2421,-583.1647
31.59366,167.4119,145.4662,-582.9406
31.60346,167.6373,145.616,-582.7875
31.61326,167.4881,145.7661,-582.8638
31.62308,166.8894,146.2146,-582.569
31.63291,167.1887,146.1394,-582.4158
31.64271,165.8404,146.8116,-581.9041
31.65254,166.9635,146.139,-582.3435
31.66237,166.6629,146.138,-582.1219
31.67219,165.9147,146.6616,-581.9037
31.68199,166.1377,145.9134,-582.4287
31.69182,165.2424,147.261,-581.9093
31.70161,165.763,146.0626,-582.2825
31.71144,165.4634,146.3612,-581.9099
31.72127,165.2399,146.6612,-581.9864
31.73106,164.7152,146.5864,-582.2178
31.74089,164.3384,146.3601,-581.9229
31.75072,164.5645,146.4362,-582.22
31.76051,164.1119,145.7612,-582.3776
31.77034,164.1142,146.2862,-582.3757
31.78017,163.8877,145.9113,-582.4546
31.78996,163.4394,146.3604,-582.3082
31.79979,163.437,145.8354,-582.3101
31.80962,162.914,146.6578,-581.6382
31.81941,163.287,145.9843,-582.0113
31.82924,162.6115,146.0578,-581.7188
31.83906,162.5375,146.4318,-581.4183
31.84886,162.6106,145.6837,-582.0201
31.85869,161.6368,146.3555,-581.2789
31.86851,162.535,145.4591,-582.1718
31.87831,162.0091,145.3829,-581.9531
31.88814,162.0855,145.6084,-582.1014
31.89796,161.6348,145.5325,-581.9568
31.90776,161.6343,145.6812,-581.5063
31.91759,161.7076,145.3062,-581.5068
31.92741,161.2572,145.0815,-581.7378
31.93721,160.9595,145.6807,-581.5891
31.94704,161.1078,145.082,-581.9645
31.95686,160.2832,145.0071,-582.2742
31.96669,160.6554,144.5566,-581.9716
31.97648,159.983,145.0811,-582.0524
31.98631,160.7307,144.4078,-582.3462
31.99614,160.0564,144.6317,-582.2032
32.00593,159.9056,144.5561,-582.0552
32.01576,160.1303,144.5558,-581.9026
32.02559,159.2301,144.7786,-581.4622
32.03538,159.9043,144.1815,-582.2065
32.04521,159.678,143.8813,-582.2102
32.05504,159.1549,144.5544,-581.7639
32.06483,159.2267,143.8047,-581.8406
32.07466,158.629,144.4783,-581.5451
32.08449,158.9264,143.3565,-582.5206
32.09428,158.7765,143.5057,-582.2968
32.10411,158.7745,143.1302,-582.1482
32.11394,158.6251,143.2801,-582.1494
32.12373,158.0259,143.5788,-581.9302
32.13356,157.6511,143.6532,-581.8593
32.14339,157.8737,143.1284,-581.8586
32.15318,158.2505,143.2802,-582.3036
32.16301,158.0228,142.68,-582.3084
32.17281,157.6494,143.2782,-581.8606
32.18263,157.9466,142.2308,-582.6108
32.19243,156.8982,143.1268,-581.6447
32.20225,157.7209,142.006,-582.7642
32.21208,157.4953,142.0797,-582.3916
32.22188,156.9723,142.6037,-582.2458
32.2317,156.3711,142.527,-581.8779
32.2415,156.7467,142.4535,-582.2489
32.25133,156.2205,141.8548,-582.857
32.26115,156.8925,141.3298,-582.6261
32.27095,156.4441,141.555,-582.8555
32.28078,156.7428,141.2553,-582.8531
32.2906,156.9661,140.8805,-582.8518
32.3004,156.2169,141.1791,-582.6344
32.31022,156.2164,141.1039,-582.5597
32.32005,155.9928,141.2546,-582.8617
32.32985,155.9939,141.7034,-582.4852
32.33967,155.5425,141.4776,-582.3411
32.34947,156.0648,140.5051,-583.0136
32.3593,155.5397,141.0267,-582.0427
32.36909,156.363,140.4286,-582.4104
32.37892,155.7617,139.9789,-582.7188
32.38875,155.6105,140.052,-582.1204
32.39854,155.8344,139.3049,-583.0204
32.40837,155.2366,140.2021,-582.2742
32.41817,155.1595,139.5281,-582.6523
32.42796,155.5343,139.6028,-582.4228
32.43779,155.0848,139.976,-581.9766
32.44758,155.3092,139.4533,-582.6509
32.45738,155.0829,139.4515,-582.1285
32.46721,155.5327,139.0042,-582.8749
32.477,155.007,138.9282,-582.7311
32.4868,155.3801,138.5533,-582.6532
32.49663,155.081,138.6287,-582.8814
32.50642,154.4809,138.6279,-582.8133
32.51622,154.8533,138.1776,-582.5856
32.52605,154.3294,138.8498,-581.8393
32.53584,154.5549,138.6269,-582.4375
32.54567,154.1035,138.4755,-582.1432
32.5555,154.0289,138.4014,-582.4443
32.56529,154.7773,137.8035,-582.8878
32.57512,153.9559,138.9258,-582.2933
32.58491,154.8533,137.8047,-583.2619
32.59474,154.478,138.0277,-582.7404
32.60457,154.6272,137.8031,-582.8145
32.61436,154.2516,137.7275,-582.744
32.62419,154.1763,137.6524,-582.7452
32.63399,154.2518,137.8023,-582.6688
32.64382,154.099,137.0528,-582.8982
32.65365,154.9237,136.8295,-583.1895
32.66344,154.3228,136.6787,-583.1219
32.67327,154.0999,137.203,-582.9727
32.68307,154.3213,136.3785,-583.048
32.69289,154.0983,136.9774,-582.7484
32.70272,154.6229,136.6044,-583.2687
32.71252,154.6207,136.2288,-583.0451
32.72234,153.7974,136.8268,-582.6775
32.73217,154.1712,136.5274,-582.7491
32.74196,153.7967,136.7514,-582.5278
32.75176,154.3962,136.2292,-583.2726
32.76159,154.4708,136.005,-583.4976
32.77138,153.796,136.6014,-582.5283
32.78121,153.9442,135.7788,-583.2794
32.79101,154.4677,135.7029,-582.8237
32.80083,154.5413,135.1792,-583.1996
32.81066,154.0171,135.1795,-583.5057
32.82046,154.3908,135.0292,-583.2769
32.83028,154.0151,135.1025,-582.831
32.84008,153.5646,134.8778,-583.062
32.84991,154.2392,134.8034,-583.0545
32.85973,153.4164,135.4765,-582.6866
32.86953,154.3134,134.3548,-583.5052
32.87936,153.8628,134.3537,-583.2853
32.88915,153.94,134.8786,-583.2076
32.89898,154.3874,134.1299,-583.5051
32.9088,153.4147,134.8031,-583.2139
32.9186,154.163,134.2797,-583.5071
32.92843,153.7883,134.578,-583.0605
32.93825,153.8643,134.6539,-583.3593
32.94805,154.0149,134.9532,-583.0565
32.95788,154.3134,134.6532,-582.9791
32.96767,154.4639,134.5047,-583.428
32.9775,153.7874,134.1293,-583.512
32.98733,154.1645,134.729,-583.2806
32.99712,154.3878,134.3542,-583.2794
33.00695,153.8644,134.5049,-583.6599
33.01678,153.9382,134.5781,-583.0587
33.0266,153.7877,134.5773,-582.8354
33.0364,154.088,134.3542,-583.3578
33.04623,153.9375,134.2788,-583.2848
33.05602,153.9384,134.5783,-583.1337
33.06585,153.7117,133.9792,-583.5134
33.07568,153.7886,134.5784,-583.2104
33.08547,153.9355,133.7542,-583.4366
33.0953,154.0853,133.4557,-583.8859
33.10509,153.6346,133.6037,-583.3657
33.11492,153.7826,133.1539,-583.3655
33.12475,153.4085,133.6022,-582.9182
33.13454,154.1593,133.2308,-583.8859
33.14437,153.9305,132.5547,-583.5909
33.15417,153.8586,133.4535,-583.2136
33.16399,153.7084,133.3786,-583.2905
33.17382,153.5567,133.0034,-583.2936
33.18362,153.7812,132.5555,-583.8926
33.19344,153.9319,132.7802,-583.7401
33.20324,154.2313,132.7052,-583.6619
33.21306,153.9323,133.0045,-583.5143
33.22289,153.4097,133.7528,-583.1426
33.23269,153.7074,133.1536,-583.2914
33.24251,153.2588,133.8261,-582.6191
33.25231,154.7571,132.6321,-584.1061
33.26211,153.9305,132.5547,-583.5909
33.27193,154.0083,133.3786,-583.2121
33.28173,154.4558,132.3318,-584.1107
33.29153,154.0833,133.3042,-583.3615
33.30132,154.6041,132.2554,-583.5842
33.31115,154.2308,132.5555,-583.7375
33.32094,154.2324,132.8557,-583.8114
33.33077,153.9328,133.2288,-583.2885
33.34057,154.5285,132.2546,-583.36
33.35039,154.6055,132.5554,-583.5831
33.36022,154.3077,133.0053,-583.66
33.37002,154.1593,133.4547,-583.5101
33.37984,154.158,133.1547,-583.5112
33.38964,153.5585,133.3039,-583.4426
33.39947,154.1571,133.0045,-583.4368
33.40929,153.4094,133.6778,-583.1429
33.41909,154.1562,132.5558,-583.8883
33.42892,153.7827,133.3032,-583.14
33.43871,153.408,133.154,-583.5198
33.44854,154.0078,132.7813,-584.1143
33.45837,153.4087,133.5278,-583.1434
33.46816,154.3847,133.4554,-583.6575
33.47799,154.0833,133.2296,-583.5118
33.48778,154.3835,133.1556,-583.7336
33.49761,154.6068,132.7808,-583.7324
33.50741,154.3825,133.0051,-583.5841
33.51723,154.2333,133.2298,-583.51
33.52706,153.7841,133.4541,-583.4395
33.53686,154.2334,133.0061,-583.9608
33.54668,154.3087,133.2303,-583.6592
33.55651,153.9342,133.6036,-583.2122
33.56631,154.0817,132.7055,-583.8137
33.57613,153.0328,133.228,-583.2988
33.58593,153.3318,132.5557,-584.1228
33.59576,152.656,132.3303,-584.2063
33.60555,152.131,132.4789,-583.9119
33.61538,152.3564,132.6289,-583.8338
33.62521,151.6799,132.701,-583.0912
33.635,152.3545,132.0298,-584.1359
33.64481,151.9037,132.0284,-583.8411
33.65464,152.2035,131.7301,-584.2886
33.66446,151.9778,131.729,-583.9913
33.67426,152.1276,131.7289,-583.9145
33.68409,151.828,131.5799,-584.3685
33.69391,151.6771,131.5787,-583.9952
33.70371,151.9028,131.6543,-584.1424
33.71354,151.6035,131.804,-584.1453
33.72336,151.3035,132.1022,-583.6227
33.73319,151.5287,132.1026,-583.6951
33.74299,151.4536,131.9532,-583.9214
33.75281,152.1265,131.28,-584.2911
33.76264,151.677,131.4293,-584.2208
33.77247,151.1533,131.8779,-583.9252
33.78226,151.3031,131.7287,-584.149
33.79209,151.004,132.2516,-583.5506
33.80192,151.8247,130.7554,-584.5214
33.81174,151.5278,131.3555,-584.6727
33.82154,151.5274,131.4296,-584.3724
33.83137,151.6765,131.205,-584.4465
33.84119,151.2281,131.4303,-584.6758
33.85102,151.5282,131.0576,-585.3488
33.86082,151.528,131.0574,-585.2738
33.87064,151.0789,131.6549,-584.6019
33.88047,151.8272,130.9822,-585.1206
33.89026,151.454,131.2823,-585.2739
33.90009,151.3791,131.357,-585.1995
33.90992,151.3048,131.5069,-585.1998
33.91974,151.4549,131.5818,-585.1227
33.92954,151.305,131.731,-584.899
33.93937,150.7064,132.4034,-584.2285
33.94919,151.379,131.2076,-585.4249
33.95899,151.0056,132.1044,-584.4511
33.96882,151.4547,131.5816,-585.0477
33.97864,151.1546,131.5065,-585.1265
33.98844,150.3297,131.6551,-584.9105
33.99827,151.5289,131.4314,-584.9725
34.00809,151.0041,131.655,-584.6777
34.01789,151.3036,131.2817,-585.1255
34.02772,151.0797,131.5812,-585.0521
34.03754,150.7817,132.18,-584.7534
34.04734,151.2308,131.7318,-585.1998
34.05717,151.4552,131.5075,-585.3481
34.06699,151.5291,131.3571,-585.1977
34.07679,150.8554,131.731,-585.0541
34.08662,151.7548,131.5073,-585.1946
34.09644,151.5301,131.6567,-585.0466
34.10624,151.231,131.9559,-584.899
34.11606,151.3043,131.4317,-585.125
34.12589,150.2567,132.6271,-583.9329
34.13569,151.6033,131.1324,-585.2726
34.14551,151.4544,131.5066,-585.048
34.15534,151.5305,131.881,-584.8209
34.16514,151.0032,131.2809,-584.9791
34.17496,150.855,131.8797,-584.6036
34.18476,151.1548,131.7306,-584.8257
34.19459,151.6787,131.3568,-585.046
34.20438,151.3796,131.5067,-585.1239
34.21421,151.5299,131.6564,-584.9717
34.22404,151.377,131.0561,-584.9005
34.23383,151.0798,131.8051,-584.6763
34.24366,151.0036,131.3559,-584.9788
34.25346,151.53,131.8058,-584.7461
34.26328,151.3037,131.5055,-584.7498
34.27308,151.005,131.8798,-584.6019
34.2829,151.5257,130.6817,-585.0501
34.2927,150.78,131.805,-584.7547
34.30253,151.3026,131.0567,-585.1263
34.31235,151.3781,131.2065,-585.0499
34.32215,151.4538,131.655,-584.5225
34.33198,151.1531,131.5047,-584.5265
34.3418,150.63,132.2524,-583.9299
34.3516,151.5279,131.2064,-584.9733
34.36143,151.451,131.1296,-584.3743
34.37122,151.4545,131.7305,-584.6722
34.38105,151.0773,131.2053,-584.7534
34.39087,151.3783,131.4306,-584.7491
34.40067,151.0024,131.1307,-584.9045
34.4105,151.3024,131.4294,-584.375
34.42029,151.3026,131.3551,-584.6003
34.43012,151.6026,131.3554,-584.5969
34.43995,150.9293,131.7298,-584.6033
34.44974,151.526,130.7567,-585.0498
34.45957,150.5527,131.5037,-584.3834
34.4694,151.7513,131.0556,-584.5962
34.47919,151.6773,131.2059,-584.7465
34.48902,151.453,131.3557,-584.7485
34.49882,151.526,131.1297,-584.3735
34.50864,151.2289,132.028,-583.9238
34.51847,151.5269,131.2053,-584.5983
34.52827,151.3781,131.5049,-584.5239
34.53809,151.4527,131.5046,-584.373
34.54792,151.5276,131.2808,-584.748
34.55772,151.7515,130.9812,-584.8215
34.56754,151.9027,131.505,-584.3679
34.57734,151.527,130.9817,-585.049
34.58716,151.7536,131.2821,-585.1204
34.59699,151.7517,130.9815,-584.8965
34.60679,151.3048,131.5069,-585.1998
34.61661,151.2293,131.4316,-585.1259
34.62644,150.6292,131.5801,-584.8323
34.63624,151.4525,131.2059,-584.8241
34.64607,151.2305,131.6568,-585.2001
34.6559,150.9306,132.0297,-584.6022
34.66569,151.303,130.908,-585.5769
34.67552,151.0802,131.8056,-584.8263
34.68534,151.4544,131.2082,-585.5741
34.69517,151.3042,131.2823,-585.3506
34.70497,151.2289,131.3566,-585.1262
34.71479,150.6331,132.4053,-584.9044
34.72459,151.0058,132.03,-584.6763
34.73442,151.3045,131.6558,-584.8242
34.74424,151.0797,131.3574,-585.4279
34.75404,151.6792,131.2082,-585.4965
34.76387,151.3046,131.5067,-585.1248
34.77366,151.3797,131.3577,-585.4244
34.78349,151.3785,131.0579,-585.5005
34.79332,151.1538,131.2818,-585.2023
34.80311,151.6033,131.1324,-585.2726
34.81294,151.529,131.2823,-585.273
34.82274,151.0031,131.43,-584.6785
34.83256,151.3809,131.9558,-584.8223
34.84239,150.8552,131.7308,-584.9792
34.85218,151.6782,130.9086,-585.6476
34.86201,151.6784,131.2818,-585.0462
34.87184,151.6047,131.6563,-584.8958
34.88163,151.3789,131.3568,-585.1245
34.89146,151.4551,131.6566,-585.0475
34.90126,151.828,131.207,-585.0447
34.91108,151.6022,130.982,-585.1232
34.92091,151.2297,131.6559,-584.9001
34.93071,151.2291,131.4314,-585.0508
34.9405,151.378,131.2811,-584.8997
34.95033,151.379,131.2822,-585.2747
34.96013,151.379,131.5061,-584.8989
34.96992,151.6803,131.8809,-584.7441
34.97975,151.9801,131.508,-585.342
34.98955,151.6055,131.9556,-584.6697
34.99937,151.5283,131.2069,-585.1232
35.0092,151.2323,132.405,-584.5975
35.01899,151.5295,131.3576,-585.3477
35.02882,150.8551,131.5815,-585.2047
35.03865,151.4557,131.9557,-584.7464
35.04844,150.8554,132.104,-584.3778
35.05827,150.6325,132.1808,-585.0551
35.0681,151.5306,131.7319,-585.1213
35.07789,151.3048,131.5069,-585.1998
35.08772,151.0812,131.7321,-585.3516
35.09755,151.3814,131.7327,-585.4231
35.10734,151.0048,131.4321,-585.3535
35.11717,151.081,131.7319,-585.2766
35.12696,150.9334,132.4807,-584.9006
35.13679,150.8571,132.1806,-584.9025
35.14662,150.9335,132.257,-585.3514
35.15641,150.708,132.2561,-585.129
35.16624,151.1572,131.9572,-585.3499
35.17607,150.5597,132.631,-585.1294
35.1859,151.4562,131.6579,-585.4975
35.19569,150.8588,132.481,-585.0515
35.20552,150.7837,132.4062,-585.1276
35.21534,150.8583,132.4058,-584.9767
35.22514,150.3341,132.7046,-584.7567
35.23497,149.733,132.2552,-585.1402
35.24479,151.1566,131.9565,-585.1249
35.25459,151.0826,131.883,-585.6511
35.26442,150.8572,131.8824,-585.5036
35.27421,151.0086,132.1825,-585.5008
35.28404,150.8582,132.1819,-585.3525
35.29384,151.0829,131.958,-585.6508
35.30363,151.3083,132.2571,-585.2721
35.31346,151.0822,131.8826,-585.501
35.32325,150.6321,132.1058,-585.0554
35.33308,150.9347,132.4822,-585.4256
35.34291,150.636,132.8565,-585.2778
35.3527,151.7613,132.6341,-585.7905
35.36253,150.8578,131.883,-585.7286
35.37236,150.4112,132.6326,-585.7311
35.38218,150.8601,132.1842,-586.1025
35.39201,150.7116,132.8572,-585.5018
35.40181,150.8575,131.7335,-585.8791
35.41163,150.7109,132.4088,-586.0284
35.42146,150.7838,132.108,-585.7286
35.43129,150.8602,132.408,-585.7267
35.44111,150.4098,132.4072,-585.5819
35.45094,151.0835,131.8842,-586.026
35.46074,150.8583,131.9583,-585.8033
35.47056,150.4115,132.6331,-585.881
35.48039,150.5598,132.4073,-585.5802
35.49019,150.4864,132.6329,-585.8052
35.50001,150.8589,132.2574,-585.5023
35.50984,150.4865,133.1552,-584.9034
35.51966,150.6341,132.2574,-585.5798
35.52946,150.4097,132.4817,-585.4316
35.53929,150.1843,132.5556,-585.134
35.54911,150.4098,132.4072,-585.5819
35.55891,150.6361,133.0804,-584.9019
35.56874,150.1867,133.0806,-585.1321
35.57856,150.4845,132.6306,-585.0552
35.58836,150.1864,133.0056,-585.1324
35.59819,150.0355,132.8552,-585.0596
35.60801,150.41,133.0788,-584.4545
35.61781,150.7848,132.7059,-585.0515
35.62764,150.4107,133.1542,-584.6043
35.63746,150.1848,133.0038,-584.5324
35.64731,150.7833,132.3312,-585.1279
35.6571,150.3331,132.4051,-584.9078
35.66693,150.8586,132.5553,-584.8262
35.67676,150.7838,132.5555,-584.9021
35.68658,151.2349,132.5573,-585.3469
35.69638,151.008,132.2564,-585.1255
35.70621,150.8607,132.8562,-585.1251
35.71603,150.6335,132.6297,-584.6785
35.72583,150.0377,133.6784,-584.4567
35.73566,150.8577,132.4051,-584.7517
35.74548,150.8598,132.7806,-584.9005
35.75531,150.5578,132.5542,-584.5297
35.76514,150.8579,132.1069,-585.3528
35.77493,150.8576,132.6288,-584.3009
35.78476,151.0812,131.956,-584.9758
35.79459,151.0829,132.331,-584.9744
35.80438,150.6339,132.7047,-584.6782
35.81421,150.5589,133.3015,-583.6271
35.82401,150.2587,133.0771,-583.9313
35.83383,151.0806,132.0299,-584.6005
35.84366,150.3309,132.3278,-584.1581
35.85345,151.3043,131.7301,-584.599
35.86328,150.6306,132.4024,-583.9294
35.87311,150.3327,132.8521,-583.9312
35.8829,150.9284,131.6541,-584.3785
35.89273,150.4816,132.7764,-583.6298
35.90253,151.0809,132.3285,-584.1495
35.91235,150.4816,132.7018,-583.7801
35.92218,150.4072,133.0009,-583.4799
35.93198,150.5563,132.8508,-583.4037
35.9418,150.6306,132.5515,-583.6288
35.95163,151.1564,132.3293,-584.3735
35.96142,150.9306,132.5518,-583.6254
35.97125,150.781,132.403,-584.0777
35.98108,150.5559,132.5519,-583.7797
35.99087,150.9283,131.7286,-584.2283
36.0007,150.8538,131.9529,-584.0034
36.0105,150.481,132.4027,-584.0811
36.02032,150.7801,132.3273,-583.853
36.03015,150.4807,132.6261,-583.5553
36.03995,149.7323,132.8511,-583.7881
36.04977,151.08,132.1038,-584.2252
36.05957,149.9571,132.8511,-583.7106
36.06937,150.3312,132.8503,-583.3312
36.07919,150.4059,132.6263,-583.6312
36.08899,150.1075,133.2247,-583.1825
36.09882,150.4035,132.1759,-583.4828
36.10864,150.1825,133.2247,-583.1816
36.11844,150.6303,132.402,-583.7794
36.12826,150.1065,132.8506,-583.4839
36.13806,149.959,133.5247,-583.2582
36.14789,150.2568,132.7764,-583.7074
36.15768,150.1805,132.4017,-583.8596
36.16751,150.3313,132.5521,-583.9323
36.17731,150.3325,132.5535,-584.3823
36.18713,150.2581,132.7034,-584.3826
36.19693,150.4071,132.5531,-584.2314
36.20676,149.8086,132.9273,-584.162
36.21655,149.8076,132.7023,-584.1628
36.22638,149.4357,133.6008,-583.7889
36.23621,150.0335,132.7782,-584.3849
36.24603,150.0338,132.8532,-584.3846
36.25583,149.9588,132.8531,-584.3855
36.26565,149.8837,132.7783,-584.4616
36.27548,149.285,133.4507,-583.7912
36.28528,150.4088,132.8536,-584.3803
36.2951,150.0327,132.8519,-583.9347
36.3049,149.7339,133.0768,-584.0123
36.31473,149.5089,133.002,-584.1652
36.32455,149.5827,133.2244,-583.2636
36.33435,149.4339,133.6733,-582.9637
36.34418,149.21,133.4506,-583.7921
36.35397,149.134,133.3001,-583.6434
36.3638,149.2832,133.3739,-583.1914
36.37363,148.7595,133.7479,-583.0462
36.38342,148.8341,133.7475,-582.8953
36.39325,148.1593,133.7471,-582.9781
36.40304,149.1319,133.2976,-582.8184
36.41287,148.8324,133.5216,-582.5962
36.42267,148.4574,133.8197,-582.0744
36.43249,148.7564,133.5204,-582.222
36.44229,148.0063,134.1163,-581.1035
36.45209,148.6063,133.7439,-581.7729
36.46191,148.5293,133.2939,-581.7754
36.47171,148.7547,133.5184,-581.5471
36.48154,148.3792,133.5173,-581.3263
36.49136,148.9038,133.4429,-581.3206
36.50116,148.7517,132.8434,-581.5494
36.51099,148.7513,132.7684,-581.5497
36.52081,148.5265,133.0668,-581.1012
36.53061,147.927,133.216,-581.0327
36.54044,147.629,133.7403,-580.8843
36.55026,148.6017,133.0671,-581.1754
36.56006,147.7765,133.2152,-580.8094
36.56989,148.1526,133.2915,-581.1047
36.57971,147.9256,133.1397,-580.5829
36.58951,147.4023,133.8126,-580.0616
36.59933,147.9238,132.9883,-580.1335
36.60916,147.1766,134.1099,-579.2382
36.61896,148.0714,132.8364,-579.4573
36.62878,147.9979,133.2857,-579.2316
36.63858,147.2472,133.5079,-578.5644
36.64842,147.7696,132.6848,-579.0113
36.65824,147.694,133.057,-578.1108
36.66804,148.0673,132.6824,-578.1078
36.67787,147.3943,133.2809,-577.8135
36.68766,147.7691,133.281,-577.7343
36.69749,147.4677,133.1298,-577.4382
36.70732,147.6917,132.6066,-577.9625
36.71711,147.7668,132.9798,-577.3603
36.72694,147.2423,133.1291,-577.2908
36.73673,148.2152,132.3816,-577.8073
36.74656,148.0667,132.9054,-577.4321
36.75639,147.7655,132.9783,-576.8353
36.76618,147.9133,132.4537,-576.9104
36.77601,147.8396,132.8281,-576.76
36.78581,148.7357,131.6308,-577.3539
36.79563,148.2878,132.3042,-576.9816
36.80546,148.5886,132.6039,-576.7521
36.81526,148.3609,132.3766,-576.0806
36.82508,148.1366,132.8248,-575.5566
36.83491,149.0341,131.8529,-576.2997
36.84471,148.9574,131.4779,-576.3019
36.85453,148.8091,131.9273,-576.152
36.86436,149.0326,131.7766,-575.85
36.87415,149.2564,131.6261,-575.6229
36.88398,149.3304,131.4012,-575.6229
36.89381,149.481,131.5513,-575.6206
36.90364,149.4814,131.9248,-575.0942
36.91343,149.7037,131.325,-575.0938
36.92326,149.4799,131.923,-574.4943
36.93309,149.7784,131.4739,-574.7175
36.94288,149.63,132.147,-574.1168
36.95271,150.6028,131.2502,-574.8588
36.96253,150.3024,131.5479,-574.1861
36.97233,150.2272,131.6967,-573.8115
36.98216,150.3763,131.2482,-574.2614
36.99198,150.8275,132.0707,-573.2783
37.00178,150.7491,131.1713,-573.5073
37.01161,150.9756,131.6956,-573.2029
37.0214,151.1247,131.62,-572.9764
37.0312,151.2737,131.4697,-572.8253
37.04103,151.5715,131.3182,-572.2224
37.05082,152.1725,131.1708,-572.891
37.06062,152.0202,130.8696,-572.5187
37.07044,152.2465,131.2443,-572.3648
37.08024,152.1707,131.3925,-571.7652
37.09007,152.2478,131.6934,-572.0632
37.09986,152.9957,131.2442,-572.0562
37.10969,152.0234,132.3653,-571.0885
37.11952,153.2211,131.6178,-571.5273
37.12931,152.8451,131.467,-571.3822
37.13914,152.9971,132.141,-571.0031
37.14897,153.4429,130.8683,-571.6024
37.15876,153.5213,131.9913,-570.9225
37.16859,153.9694,131.2435,-571.52
37.17842,154.4929,131.1677,-571.0643
37.18821,154.6445,131.3935,-571.2867
37.19804,154.7186,131.2433,-571.2114
37.20787,154.7933,131.1684,-571.2108
37.21766,154.8681,131.4667,-570.6089
37.22749,155.0188,131.6168,-570.6066
37.23728,155.3194,132.1401,-569.9264
37.24711,155.6175,131.6158,-570.0748
37.25694,155.6928,132.0639,-569.3973
37.26673,156.4411,131.2421,-570.2166
37.27656,155.9944,132.2898,-569.618
37.28639,157.1168,131.3927,-570.2083
37.29618,157.3422,131.6918,-569.8297
37.30601,156.8935,132.0659,-569.6835
37.31584,157.3434,132.2155,-569.3778
37.32563,156.5964,133.0388,-569.0836
37.33546,158.2426,131.8425,-569.7438
37.34526,158.4682,131.9179,-569.816
37.35508,158.8431,131.6944,-570.1874
37.36491,158.6937,131.5458,-570.7146
37.3747,159.3675,131.3213,-570.6327
37.38453,159.595,131.6974,-570.9288
37.39433,159.3698,131.9954,-570.3303
37.40415,160.1201,131.8472,-570.6971
37.41398,160.4951,131.6985,-570.9934
37.42378,160.3476,132.3726,-570.7677
37.4336,160.7221,132.5962,-570.1626
37.4434,161.0987,132.3747,-571.2091
37.45323,162.373,131.7784,-572.0215
37.46302,162.4475,131.7778,-571.7956
37.47285,162.2987,132.3013,-571.3456
37.48265,162.8253,132.5275,-571.5637
37.49247,163.2008,132.6031,-571.6341
37.50227,164.0252,131.9318,-572.602
37.5121,164.1776,132.457,-572.5984
37.52192,164.4032,132.6072,-572.5953
37.53172,164.7035,132.6825,-572.5916
37.54154,165.1539,132.7579,-572.5861
37.55134,165.4573,133.3591,-572.8805
37.56117,166.5061,132.8365,-573.3203
37.57096,167.2582,133.362,-573.2347
37.58079,167.3316,132.9125,-573.3855
37.59059,167.8585,133.1391,-573.7537
37.60041,168.6819,132.9142,-573.52
37.61021,168.311,133.7393,-573.6713
37.62003,169.2096,133.4402,-573.662
37.62986,169.4372,134.2641,-573.2065
37.63966,169.5875,134.4137,-573.0544
37.6495,171.0863,133.817,-573.6392
37.6593,171.1618,134.5637,-572.5107
37.66913,172.0621,134.0427,-573.5521
37.67892,171.9872,134.192,-573.3275
37.68875,173.1135,134.5676,-573.1632
37.69857,173.7877,134.1198,-573.6821
37.70837,173.564,134.9417,-572.7068
37.7182,174.4637,134.42,-573.5232
37.72799,174.4639,134.7187,-573.0722
37.73782,175.0654,135.1686,-572.8387
37.74762,175.3646,134.8696,-573.0613
37.75744,176.4153,134.7969,-573.4995
37.76727,177.1642,134.4979,-573.5669
37.77707,177.6156,134.8731,-573.4854
37.78689,177.9898,134.6487,-573.5569
37.79669,177.6904,135.022,-573.1089
37.80652,178.2919,135.3228,-573.176
37.81631,178.9647,134.8733,-573.0948
37.82614,178.8172,135.7713,-572.4935
37.83593,180.0155,135.3975,-572.481
37.84576,179.5671,135.9957,-572.034
37.85556,180.5403,135.3977,-572.3999
37.86535,180.6156,135.5474,-572.2485
37.87515,181.439,135.3225,-572.0148
37.88494,182.3376,134.6504,-572.6819
37.89477,182.0358,134.5733,-572.0856
37.9046,182.5616,134.7986,-572.0038
37.91439,182.7112,134.7983,-571.8521
37.92422,182.7853,134.7227,-571.6265
37.93402,183.2354,134.947,-571.2455
37.94384,183.0869,135.3216,-571.1709
37.95364,184.0589,134.2,-571.9886
37.96347,183.9086,134.3488,-571.6148
37.97329,183.8333,134.4976,-571.2402
37.98309,184.6568,133.7506,-571.9833
37.99292,184.4326,134.4972,-570.9334
38.00274,185.1051,133.5251,-571.679
38.01254,185.4787,133.5239,-571.1497
38.02237,185.105,134.0472,-570.7022
38.03216,185.555,133.9731,-570.8472
38.04199,185.4074,134.7964,-570.321
38.05182,186.4523,133.0755,-571.3651
38.06161,186.1528,133.3744,-571.0675
38.07144,186.3764,132.9998,-571.1412
38.08123,186.6777,133.3746,-570.9864
38.09106,186.7478,132.1754,-571.2148
38.10089,187.2726,132.1757,-571.1338
38.11068,186.374,132.7732,-570.6171
38.12051,186.9732,132.549,-570.686
38.13031,186.9728,132.5486,-570.5359
38.14013,186.7469,132.1743,-570.8398
38.14993,187.7195,131.4263,-571.2063
38.15976,187.195,131.7995,-570.761
38.16955,188.3165,130.9012,-570.9763
38.17938,187.493,131.2752,-570.9094
38.18917,188.0922,131.051,-570.9783
38.19897,188.0902,130.5265,-571.1301
38.2088,188.0159,130.9749,-570.6044
38.21859,188.6887,130.1523,-571.1996
38.22842,188.5391,130.1526,-571.3513
38.23825,188.315,130.601,-570.9023
38.24804,188.688,129.7039,-571.7261
38.25787,188.3129,129.4796,-572.1063
38.26767,188.5392,129.556,-572.4784
38.27749,188.5367,128.6578,-573.0815
38.28732,188.9871,128.5841,-573.3766
38.29711,188.6093,128.0583,-573.2328
38.30694,188.1613,128.3585,-573.4619
38.31674,188.4616,128.3593,-573.6085
38.32656,187.8618,128.4335,-573.5401
38.33639,187.8615,128.3585,-573.5403
38.34619,187.9352,127.4619,-574.6677
38.35601,187.8597,127.3866,-574.5938
38.36584,187.7843,126.7893,-575.4968
38.37564,187.1104,127.2375,-575.1279
38.38546,188.0838,126.3414,-576.0948
38.39529,187.4063,125.9648,-575.804
38.40509,187.4085,126.2657,-576.1028
38.41491,187.6332,126.1164,-576.2509
38.42474,187.3323,125.8913,-576.3301
38.43454,187.3329,125.8174,-576.7054
38.44436,186.5104,126.5655,-576.3372
38.45419,187.0323,125.2196,-577.5359
38.46399,186.9586,125.6687,-577.2352
38.47378,186.2843,125.445,-577.9186
38.48361,186.9565,124.3234,-578.8149
38.4934,185.9093,125.4447,-577.923
38.50323,186.7332,124.3997,-579.3422
38.51303,186.3581,124.2501,-579.572
38.52285,185.984,124.6238,-579.275
38.53268,185.5349,124.699,-579.5049
38.54251,185.3846,124.9223,-578.981
38.5523,186.5083,123.3554,-581.2984
38.56213,186.0582,123.6532,-580.7026
38.57196,185.908,123.7273,-580.4791
38.58175,185.6091,123.7284,-580.9324
38.59158,185.9834,123.5788,-580.9286
38.60141,186.2826,122.9813,-581.6773
38.6112,185.9061,122.6062,-581.758
38.62103,185.832,123.0547,-581.3073
38.63085,185.5312,122.9042,-581.2363
38.64065,185.1575,122.9055,-581.7656
38.65049,185.3817,122.6809,-581.8387
38.66031,185.6063,122.0093,-582.8885
38.67011,185.3818,122.0843,-582.9658
38.67994,184.9342,122.5343,-583.1194
38.68976,185.3087,122.4594,-583.0404
38.69959,185.7563,121.5619,-583.7134
38.70939,184.558,122.0848,-583.4254
38.71921,185.2316,121.338,-584.2452
38.72904,185.0085,121.7875,-584.1712
38.73884,184.4842,121.937,-584.1767
38.74866,185.4551,120.3666,-585.371
38.75849,185.1588,121.1913,-585.3715
38.76828,185.3059,120.2182,-585.9733
38.77811,184.9308,119.994,-586.3533
38.78791,184.9338,120.5197,-586.5765
38.79773,184.4082,120.22,-586.8836
38.80756,183.6602,120.7439,-586.7404
38.81736,184.4088,119.8478,-587.7849
38.82718,183.5094,120.0714,-587.6445
38.83698,183.811,120.2229,-588.0154
38.84681,183.8096,119.4751,-588.7681
38.8566,183.5875,120.0751,-588.8434
38.86643,183.8849,119.1772,-589.4432
38.87625,182.8357,119.7739,-588.7032
38.88605,183.5072,118.5769,-589.4497
38.89588,183.2095,119.3252,-589.0005
38.90567,183.2848,119.4003,-588.9993
38.9155,182.6069,118.8739,-588.784
38.9253,182.3078,119.3223,-588.3359
38.93512,182.1579,119.0985,-588.7884
38.94495,182.9035,117.8258,-589.3093
38.95475,182.6044,117.8267,-589.6877
38.96457,182.0811,118.0518,-589.918
38.97437,182.0045,117.3786,-590.5211
38.9842,182.1555,117.3053,-591.0447
38.99399,182.307,117.6057,-591.1169
39.00382,181.9316,117.381,-591.347
39.01364,181.6321,117.3813,-591.5754
39.02344,181.4094,117.7568,-591.8017
39.03327,181.482,117.008,-592.1785
39.04306,180.958,117.3071,-592.0334
39.05289,181.9316,116.7096,-592.5494
39.06272,181.632,116.6352,-592.8531
39.07251,181.1823,116.8589,-592.5574
39.08234,181.4815,116.1868,-593.4563
39.09214,180.7316,116.6339,-592.7134
39.10196,181.9297,115.8868,-593.3022
39.11179,181.853,115.5863,-593.1542
39.12159,181.1809,116.2604,-593.0845
39.13141,181.1059,115.9619,-593.6114
39.14124,180.8805,116.0358,-593.3138
39.15104,181.3289,115.0646,-594.4371
39.16086,180.9543,114.9902,-594.7416
39.17066,181.1806,115.4395,-594.4374
39.18049,180.731,115.2904,-594.8931
39.19031,180.658,115.5165,-595.2681
39.20011,180.958,115.2183,-595.7908
39.20994,180.136,115.8925,-595.7979
39.21976,180.8081,115.3675,-595.567
39.22959,180.3586,115.1439,-596.1729
39.23938,179.9889,116.1942,-596.3984
39.24921,181.0362,114.8493,-597.7412
39.25904,180.0626,115.4467,-597.2252
39.26883,180.9614,114.7749,-597.9672
39.27866,180.5878,115.0745,-597.9705
39.28846,180.7371,114.8501,-598.1196
39.29825,180.4366,114.4016,-598.7246
39.30808,180.0621,114.4765,-598.8036
39.31788,180.4376,114.7012,-598.5735
39.3277,179.9899,115.0764,-598.8024
39.33753,179.6162,115.749,-598.1293
39.34733,180.0668,115.3026,-599.1757
39.35715,179.6195,115.9767,-599.0285
39.36698,179.8421,115.3774,-599.178
39.37677,179.3922,115.2278,-599.4837
39.3866,180.5891,114.0317,-600.3741
39.39643,180.365,114.4056,-600.0754
39.40622,180.1411,114.8542,-599.7014
39.41605,180.0674,114.8557,-600.2272
39.42585,179.767,115.3025,-599.2542
39.43567,180.0676,114.9305,-600.152
39.44547,179.8427,114.7812,-600.4551
39.45527,179.8438,114.4841,-601.4312
39.46509,179.6969,115.2338,-601.3552
39.47492,179.6994,115.4606,-601.9544
39.48472,180.0737,115.0871,-602.3264
39.49454,179.4022,115.3143,-603.3083
39.50434,180.0758,115.015,-603.3016
39.51416,179.5523,115.4638,-603.0811
39.52399,179.327,115.314,-603.2341
39.53382,179.927,115.2401,-603.3776
39.54361,179.552,115.3142,-603.2316
39.55344,180.1499,114.3425,-604.1281
39.56327,180.0766,114.9413,-603.7519
39.57306,179.7012,115.0896,-603.3057
39.58289,180.4512,114.3444,-604.6496
39.59272,179.4781,115.3901,-603.5322
39.60251,180.3019,114.7927,-604.1248
39.61234,180.0042,115.019,-604.6524
39.62217,179.1795,115.3168,-604.2109
39.63196,179.4803,115.2435,-604.6577
39.64179,179.5546,115.3174,-604.2815
39.65162,180.2294,114.6464,-605.4011
39.66145,179.3332,115.6944,-605.0328
39.67125,179.6328,115.3213,-605.5557
39.68107,179.7818,115.0964,-605.5547
39.6909,179.9312,114.7975,-605.854
39.7007,180.0064,114.7978,-605.9282
39.71052,179.5588,115.6208,-605.4055
39.72035,179.7094,115.6216,-605.6287
39.73015,179.709,115.3227,-606.0048
39.73997,179.4102,115.8461,-605.5564
39.7498,180.1581,114.8,-606.6014
39.7596,179.4105,115.9211,-605.5561
39.76942,180.0071,114.8732,-606.0779
39.77925,178.9593,115.77,-605.3369
39.78904,180.3082,115.2478,-605.8481
39.79887,180.1559,114.7227,-605.8517
39.8087,180.0062,115.2451,-605.0266
39.81853,179.9311,114.9466,-605.5535
39.82832,180.2318,115.1714,-605.3993
39.83815,179.9323,115.3209,-605.3272
39.84798,179.7817,115.2455,-605.2542
39.8578,180.3052,114.6474,-605.7003
39.8676,179.7056,114.6473,-605.8571
39.87742,180.3058,114.8719,-605.5495
39.88725,180.5311,114.9472,-605.5466
39.89708,180.3079,115.2474,-605.6981
39.90687,180.009,115.5469,-605.6255
39.9167,180.5326,115.3219,-605.4703
39.92653,179.7844,115.9201,-605.1018
39.93635,180.4579,115.546,-605.1703
39.94618,180.4588,115.5471,-605.5453
39.95598,180.6092,115.6222,-605.5434
39.9658,180.6107,115.8479,-605.7675
39.97563,180.8332,115.3229,-605.6918
39.98546,181.2108,115.6248,-606.2114
39.99528,181.4367,115.7753,-606.2833
40.00508,181.4377,116.0003,-606.2825
40.01491,181.2866,115.9242,-605.9845
40.02473,181.5124,115.8508,-606.4322
40.03456,181.439,116.4494,-605.9809
40.04435,181.6626,115.8512,-606.5054
40.05418,181.8883,116.0014,-606.5023
40.06401,182.1869,115.7017,-606.4999
40.07383,181.964,116.0769,-606.6512
40.08363,182.5614,115.3284,-606.947
40.09346,182.4881,115.8526,-606.7209
40.10328,182.7126,115.7031,-606.7939
40.11308,182.487,115.5529,-606.7971
40.12291,182.1145,116.2268,-606.5739
40.13273,182.2658,116.527,-606.5711
40.14253,181.814,116.4497,-605.9766
40.15236,182.5644,116.3018,-606.4185
40.16218,182.7874,115.852,-606.4175
40.17198,182.4145,116.451,-606.1946
40.18181,182.787,115.8516,-606.2675
40.19163,182.9371,115.9265,-606.1905
40.20146,183.3134,116.0775,-606.4107
40.21129,182.7152,116.1538,-607.0173
40.22111,182.7927,116.9027,-606.6388
40.23091,183.0937,116.6805,-607.4611
40.24074,182.9459,117.1306,-607.5362
40.25056,183.2454,116.6826,-608.1343
40.26039,183.0986,117.3577,-608.2087
40.27018,183.6248,117.658,-608.1265
40.28001,183.3978,117.2078,-608.1307
40.28981,183.099,117.7311,-607.6823
40.29963,183.6226,117.0587,-608.3536
40.30946,183.3238,117.8057,-607.4545
40.31926,183.6967,117.1322,-607.8276
40.32908,183.9219,117.1326,-607.9
40.33891,182.348,117.58,-607.5415
40.34871,183.8467,116.9832,-608.1263
40.35853,183.4737,117.8058,-607.4528
40.36833,184.2218,117.1329,-607.8965
40.37813,184.0717,117.1325,-607.8232
40.38795,184.2209,117.0572,-607.6718
40.39775,183.6968,117.207,-607.7523
40.40757,183.7726,117.5809,-607.3751
40.41737,184.1471,117.0585,-608.1226
40.4272,183.4724,117.5058,-607.4538
40.43699,184.1474,117.5065,-607.446
40.44682,184.2222,117.2079,-607.8963
40.45665,183.7743,117.8068,-607.6743
40.46644,183.9971,116.9838,-608.2747
40.47627,183.4011,118.4053,-607.3015
40.4861,183.9251,117.8078,-607.9725
40.49589,183.7747,117.5088,-608.3503
40.50572,182.5772,118.182,-608.1368
40.51552,183.776,117.8834,-608.199
40.52534,183.4785,118.4828,-608.1254
40.53517,184.0036,118.3343,-608.4199
40.54496,183.9286,118.2596,-608.571
40.55479,183.9301,118.2614,-609.1709
40.56462,184.0795,117.9625,-609.4702
40.57441,184.1545,117.888,-609.6196
40.58424,184.2291,117.6638,-609.8445
40.59407,184.1555,117.8891,-609.9946
40.60386,184.2313,118.1885,-609.7678
40.61369,184.4582,118.4894,-609.9891
40.62352,184.0833,118.7129,-609.6176
40.63334,184.6075,118.4141,-609.8376
40.64314,184.1591,118.9378,-609.5409
40.65297,185.0569,118.0409,-610.2837
40.66276,184.6079,118.2655,-610.2881
40.67259,184.384,118.6396,-610.0644
40.68242,184.4609,118.7164,-610.6632
40.69221,184.1638,119.6148,-610.2134
40.70204,184.9884,118.9438,-611.2564
40.71184,184.5381,118.7938,-611.412
40.72166,184.8423,119.6943,-611.4804
40.73149,184.7666,119.3949,-611.7073
40.74132,184.3941,119.9197,-611.7847
40.75111,184.8417,119.1713,-612.1572
40.76094,184.6921,119.3955,-611.9332
40.77077,184.8427,119.6202,-611.7806
40.78056,185.0665,119.4697,-611.5536
40.79039,185.1425,119.6948,-611.552
40.80022,185.0659,119.1706,-611.8547
40.81001,185.4423,119.3964,-611.9996
40.81984,185.5921,119.4709,-611.7725
40.82967,185.8173,119.3222,-612.1455
40.83946,185.2208,120.2955,-611.7739
40.84929,185.9687,119.2494,-612.819
40.85911,185.0707,120.1461,-612.0012
40.86894,186.0454,119.8484,-612.441
40.87874,185.8944,119.6978,-612.2933
40.88856,185.6721,120.2975,-612.2938
40.89839,185.9693,119.474,-612.6683
40.90822,186.1943,119.4742,-612.6656
40.91805,186.1943,119.7726,-612.1396
40.92784,186.2686,119.3988,-612.515
40.93767,186.0479,120.5227,-612.2136
40.94749,186.5696,119.6241,-612.5108
40.95729,186.4206,119.5505,-613.0378
40.96712,186.7946,119.3259,-613.0343
40.97694,186.1201,119.6989,-612.5907
40.98674,186.7203,119.7742,-612.5085
40.99657,186.7943,119.4748,-612.6588
41.00639,186.7195,119.6988,-612.3588
41.01619,186.7201,119.774,-612.4335
41.02602,186.1951,120.0719,-611.9135
41.03584,186.8684,119.623,-612.0573
41.04567,187.168,119.399,-612.2797
41.05547,187.6175,119.2497,-612.3501
41.06529,187.6167,118.9503,-612.5761
41.07512,187.84,118.9485,-611.8986
41.08491,187.991,118.8753,-612.4221
41.09474,187.7649,118.7991,-612.1249
41.10457,187.7671,119.3985,-611.8978
41.11436,187.9894,118.948,-611.6718
41.12419,187.6902,119.3961,-611.1487
41.13402,187.9892,119.0969,-611.2963
41.14384,187.9153,119.4711,-611.0709
41.15364,188.6643,119.2469,-611.063
41.16347,188.3642,119.3957,-610.766
41.17329,188.8162,119.7715,-610.9094
41.18309,189.5646,119.2482,-611.2027
41.19292,189.1915,119.623,-611.2806
41.20274,190.0157,119.0261,-612.0232
41.21254,190.3918,119.4008,-611.7926
41.22237,190.3183,119.7755,-611.7171
41.23219,190.394,119.9255,-611.7157
41.24202,190.3956,120.3005,-611.7144
41.25182,191.8935,119.2551,-612.7509
41.26164,191.8178,119.2542,-612.4517
41.27147,192.1928,119.4784,-612.0716
41.28126,192.4927,119.4039,-612.1434
41.29109,192.943,119.4048,-612.2883
41.30092,193.2422,119.1803,-612.3606
41.31071,193.3174,119.6281,-611.6082
41.32054,194.2169,119.4047,-611.8236
41.33037,194.0676,119.48,-611.975
41.34016,194.218,119.8536,-611.4471
41.34999,194.8921,119.4056,-611.8909
41.35982,194.6689,120.1535,-611.2908
41.36964,195.4179,119.4818,-612.1096
41.37944,194.9675,119.63,-611.6642
41.38927,195.4927,119.8546,-611.3574
41.39909,195.7158,119.2557,-611.6569
41.40892,196.0162,119.8533,-610.7514
41.41872,194.8138,118.8794,-611.5187
41.42854,195.94,119.4041,-611.0538
41.43837,195.6402,119.6279,-610.7565
41.4482,196.1658,119.5546,-611.1257
41.45799,196.3888,118.8063,-611.6507
41.46782,196.0919,119.5558,-611.5765
41.47765,196.5397,119.106,-611.498
41.48747,197.0642,119.0313,-611.4172
41.49727,196.6886,119.1794,-610.896
41.5071,196.5396,119.6281,-610.5211
41.51692,196.7616,119.0279,-610.3707
41.52675,196.0118,119.3258,-609.9283
41.53655,197.2103,119.176,-609.6151
41.54637,197.4323,118.5013,-609.6149
41.5562,197.1326,118.7251,-609.3174
41.56599,197.4305,118.3499,-609.1653
41.57582,197.1318,118.7987,-608.8672
41.58565,198.2531,117.8257,-609.1577
41.59547,198.0271,117.8989,-608.635
41.60527,197.7269,118.0475,-608.263
41.6151,197.9505,117.8223,-608.1113
41.62492,197.7252,118.0455,-607.588
41.63472,197.5741,118.044,-607.1398
41.64455,197.3467,117.5188,-607.1442
41.65438,197.3478,118.2661,-606.2416
41.66418,197.5708,117.8163,-606.2407
41.67401,197.4955,117.8905,-606.0162
41.6838,197.8692,117.6655,-605.8627
41.69363,197.7938,117.3665,-606.2396
41.70343,198.0927,117.2163,-606.0867
41.71325,197.8657,116.99,-605.7151
41.72308,197.4165,117.438,-605.1937
41.73291,197.4926,117.7378,-605.1168
41.74273,197.1172,117.8861,-604.6706
41.75253,197.7925,117.5888,-605.3389
41.76236,197.5649,117.1379,-605.1181
41.77218,198.0127,117.0611,-604.3632
41.78201,198.0874,116.8371,-604.6631
41.79183,197.4891,117.5845,-603.9924
41.80166,197.9385,117.2858,-604.2883
41.81149,197.7867,117.0598,-603.9908
41.82128,197.4148,118.1074,-603.3163
41.83108,197.4119,117.5071,-603.2435
41.84091,197.6332,116.6824,-603.2439
41.8507,197.7794,115.9321,-603.0948
41.8605,197.1779,115.9297,-602.5017
41.87033,196.9531,115.9297,-602.5793
41.88015,196.7276,116.1527,-601.9811
41.88995,196.5015,116.2256,-601.3835
41.89975,196.801,115.7032,-602.1319
41.90957,196.1271,116.4498,-601.237
41.91937,196.2753,115.5527,-602.1385
41.9292,196.2021,116.1515,-601.7622
41.93899,195.7536,116.5258,-601.691
41.94882,196.0508,115.4784,-602.4413
41.95864,195.6769,116.1508,-601.6932
41.96847,195.9009,115.6275,-602.2175
41.97827,196.1271,115.853,-602.2891
41.98809,195.7524,115.9276,-602.2932
41.99792,195.604,116.2277,-602.3688
42.00775,195.1532,116.3009,-601.9237
42.01754,195.2281,116.3755,-601.7726
42.02737,195.3792,116.5261,-601.9203
42.0372,195.376,115.7018,-602.1483
42.04702,195.6771,115.8526,-602.2943
42.05682,195.679,116.2278,-602.3679
42.06665,195.9022,115.6291,-602.7424
42.07647,195.2291,116.6005,-601.7719
42.0863,196.3519,115.4055,-603.038
42.09613,195.5272,115.7033,-602.5964
42.10592,195.5272,116.0763,-601.9202
42.11575,195.8997,115.6262,-601.7675
42.12558,195.151,116.1491,-601.3243
42.1354,195.7487,115.5502,-601.4695
42.1452,196.346,114.8762,-601.615
42.15503,196.197,115.101,-601.6159
42.16485,195.971,115.1743,-601.0932
42.17468,196.1965,115.3988,-600.8649
42.18447,196.4935,114.6495,-601.0141
42.1943,196.2679,115.0216,-600.1154
42.20413,196.1928,114.8722,-600.3417
42.21392,195.7412,114.7207,-599.9725
42.22372,195.3665,115.1683,-599.3002
42.23355,195.9656,115.1677,-598.9183
42.24334,195.3663,115.2426,-599.075
42.25317,196.4879,114.1953,-599.5907
42.263,195.6636,114.6429,-599.0737
42.27282,195.3643,114.7926,-599.0766
42.28262,195.44,114.719,-599.5259
42.29245,194.6176,115.318,-599.4583
42.30227,195.7431,114.9468,-600.3467
42.3121,195.6672,114.871,-600.1228
42.32189,195.2183,115.0956,-600.1272
42.33172,195.3701,115.2471,-600.575
42.34155,195.0711,115.3972,-600.7278
42.35134,195.522,115.3988,-601.0976
42.36117,194.9241,115.7737,-601.2532
42.371,194.7778,116.3001,-601.7781
42.38079,194.8508,115.8502,-601.7788
42.39062,194.928,115.853,-602.6779
42.40042,194.4057,116.2286,-603.0576
42.41024,194.2576,116.6037,-603.1329
42.42004,195.0065,116.1555,-603.5009
42.42984,194.633,116.7538,-603.0531
42.43966,193.9595,117.2025,-602.8343
42.44946,194.7076,116.5295,-603.2781
42.45929,193.8096,117.0532,-603.1365
42.46911,195.0089,116.4568,-603.9498
42.47894,194.484,116.4563,-603.9559
42.48874,194.6347,116.5319,-604.1038
42.49856,194.1862,116.9063,-604.0327
42.50839,194.4124,116.9826,-604.4048
42.51822,194.0405,117.5082,-604.7073
42.52801,193.8899,117.358,-604.7095
42.53784,193.5936,118.1082,-604.8603
42.54766,193.8176,117.8834,-604.8585
42.55749,193.7439,117.661,-605.7601
42.56732,194.1931,117.6606,-605.455
42.57711,193.8188,117.7356,-605.609
42.58694,194.1959,118.0369,-605.9037
42.59677,194.1968,118.1871,-605.9781
42.60659,193.9721,118.3365,-605.8302
42.61642,194.1982,118.338,-606.2776
42.62622,193.8998,118.9364,-605.8289
42.63604,194.1999,118.7876,-606.126
42.64587,194.423,118.338,-606.2
42.65571,194.9486,118.6376,-605.8929
42.66553,194.6497,118.7878,-606.0458
42.67536,194.4995,119.0113,-605.5967
42.68519,195.2489,118.4145,-606.4152
42.69498,194.7995,118.7131,-606.1193
42.70481,194.9507,119.3115,-605.5155
42.7146,195.0973,118.5616,-605.5164
42.72443,195.0241,119.1604,-605.1403
42.73423,194.9487,119.2345,-604.8408
42.74402,194.7223,119.0088,-604.6942
42.75385,194.7235,119.5324,-604.2423
42.76365,194.7946,118.7818,-604.0192
42.77347,194.271,119.2307,-603.7986
42.7833,194.7936,118.8553,-603.494
42.7931,194.1949,119.6022,-602.6732
42.80292,195.3165,118.1819,-603.8652
42.81275,195.0901,118.2547,-603.1926
42.82255,194.192,119.0765,-602.4501
42.83234,194.7906,118.7026,-602.5944
42.84217,194.1179,119.4506,-602.1497
42.85199,195.0903,118.3294,-603.1174
42.86179,194.0416,119.0014,-602.452
42.87162,194.4171,118.9277,-602.748
42.88144,193.966,118.7022,-602.754
42.89127,194.716,118.7775,-602.595
42.90107,194.6414,119.0018,-602.3701
42.91089,194.4167,118.9272,-602.598
42.92072,194.793,119.3021,-602.4423
42.93055,194.4179,119.5254,-601.9959
42.94034,194.0446,119.6764,-602.4496
42.95017,194.8683,119.0042,-603.1176
42.96,194.1962,120.2752,-601.9959
42.96979,194.869,119.2288,-602.9667
42.97962,194.7949,119.5282,-602.8165
42.98945,194.4953,119.8268,-602.4439
42.99927,194.9453,119.5288,-602.9648
43.00907,194.2713,119.8277,-602.8215
43.0189,194.6463,120.1265,-602.2912
43.02872,193.9722,120.5,-601.9976
43.03852,194.9481,119.9797,-603.2632
43.04834,194.7217,119.6795,-603.2669
43.05817,194.3482,120.203,-602.8943
43.068,194.6499,120.2054,-603.5659
43.07779,194.4244,120.3538,-603.1179
43.08762,194.4252,120.3547,-603.4179
43.09745,193.9781,121.2529,-602.9698
43.10724,193.9029,120.8796,-603.5721
43.11707,193.6785,121.1785,-603.2736
43.1269,192.9304,121.926,-602.6796
43.13669,194.204,121.1797,-603.4926
43.14652,193.6036,121.2532,-603.1992
43.15635,193.3798,121.5528,-603.1257
43.16614,193.8284,121.0293,-603.4974
43.17597,192.8554,121.9259,-602.6804
43.1858,194.0569,121.4068,-604.2435
43.19562,192.934,122.1541,-603.7288
43.20542,193.0847,122.3788,-603.5763
43.21525,192.5613,122.5294,-603.9567
43.22507,193.0885,123.204,-603.6484
43.23487,193.0869,123.0529,-603.2739
43.2447,192.6383,122.9795,-603.9542
43.25452,193.3871,122.755,-603.8714
43.26435,193.4608,122.3805,-604.0219
43.27414,193.011,122.6042,-603.7263
43.28397,193.5347,122.3047,-603.7213
43.2938,192.6375,123.0531,-603.504
43.30363,193.3889,123.2793,-603.6447
43.31342,193.3112,122.9777,-603.1215
43.32325,192.8638,123.8009,-602.6738
43.33304,193.1624,123.5012,-602.6714
43.34287,192.4907,124.5487,-602.0755
43.35267,193.0142,124.1745,-602.1458
43.36249,193.0138,124.174,-601.9958
43.37229,193.3134,124.1738,-601.8423
43.38212,193.5372,123.8743,-601.9158
43.39191,193.0894,124.3986,-601.8441
43.40171,193.387,123.65,-602.2183
43.41153,192.8638,124.5468,-601.3212
43.42133,193.2383,124.3974,-601.3924
43.43116,193.3125,124.1727,-601.4673
43.44095,193.0145,124.9208,-600.9431
43.45078,193.7625,124.024,-601.7627
43.46058,193.5385,124.3979,-601.4639
43.4704,193.2372,124.3215,-601.0927
43.48023,193.2385,124.6961,-600.9413
43.49003,193.3886,124.9201,-600.5639
43.49985,193.5385,124.6963,-600.9379
43.50968,192.8649,125.518,-600.0428
43.51948,193.2421,125.6702,-600.6379
43.5293,193.0907,125.5191,-600.3401
43.53913,193.4684,125.9704,-600.6343
43.54896,193.6183,125.5973,-601.2338
43.55875,192.8695,126.1202,-600.7906
43.56858,193.3953,126.0471,-601.2348
43.57841,192.8709,126.2711,-601.09
43.5882,192.9487,126.7221,-601.3876
43.59803,192.9486,126.6473,-601.4628
43.60782,192.4276,127.5468,-601.4657
43.61765,192.5033,127.3985,-601.9904
43.62745,192.1306,127.9977,-601.8425
43.63724,191.9827,128.373,-601.9929
43.64707,192.4324,128.2238,-602.1383
43.65686,191.5353,128.8232,-602.2215
43.66669,191.6839,128.2249,-602.7469
43.67648,190.8622,129.5707,-601.6266
43.68631,191.61,128.6737,-602.3712
43.69614,191.1605,128.8231,-602.3008
43.70593,191.1635,129.5726,-602.1482
43.71576,191.0882,129.3484,-602.4498
43.72559,190.3412,130.3957,-601.7798
43.73538,189.2929,130.2474,-602.6923
43.74521,190.7188,130.1008,-603.3514
43.75504,190.0459,130.774,-602.9818
43.76486,190.4951,130.1767,-603.7287
43.77466,190.349,131.0763,-603.6523
43.78448,190.3483,130.6279,-604.1788
43.79431,190.1251,131.152,-603.9545
43.80411,189.5272,131.8253,-603.5841
43.81393,189.9765,131.3027,-604.2557
43.82376,189.2281,131.8261,-603.9625
43.83356,189.0033,131.8261,-604.0401
43.84338,188.405,131.9767,-604.4214
43.85321,188.8539,132.1251,-603.7408
43.86304,188.6297,132.0512,-604.1936
43.87283,188.0314,132.4256,-604.1992
43.88266,188.6289,131.7519,-604.4197
43.89249,186.9089,133.3973,-603.4587
43.90228,188.2542,131.9756,-604.1232
43.91211,187.7306,132.2751,-604.1281
43.92194,187.506,132.7977,-603.3789
43.93173,187.8061,132.6488,-603.676
43.94156,187.6588,133.3232,-603.5253
43.95139,188.1082,132.95,-603.9714
43.96118,187.658,132.7255,-604.2774
43.97101,187.8086,132.8756,-604.2751
43.98084,188.0341,133.0256,-604.197
43.99063,188.1094,133.1007,-604.1959
44.00046,188.1109,133.55,-603.9693
44.01028,187.8856,133.4748,-603.9722
44.02011,188.1851,133.5492,-603.6685
44.02991,188.4838,133.1749,-603.8163
44.03973,188.4107,133.6246,-603.7406
44.04956,189.1563,132.5013,-604.036
44.05936,188.1833,133.3978,-603.2191
44.06918,188.7815,132.9487,-603.2888
44.07901,188.93,132.574,-603.3633
44.08884,189.3034,132.3487,-603.1348
44.09863,189.4522,132.1982,-602.9086
44.10846,189.6752,132.0468,-602.3816
44.11829,189.601,132.197,-602.4569
44.12811,189.9734,131.7466,-602.2292
44.13791,189.9009,132.4209,-602.0027
44.14774,190.3489,131.5238,-602.8257
44.15756,190.3512,132.1234,-602.6735
44.16736,190.4277,132.5728,-602.4461
44.17719,190.5011,131.9742,-602.8974
44.18701,190.8784,132.3502,-603.1167
44.19684,190.8028,132.3495,-602.8926
44.20663,190.9556,133.0244,-602.8135
44.21646,191.0279,132.5736,-602.5142
44.22629,190.3543,133.0968,-602.1451
44.23611,191.0284,132.8727,-602.2131
44.24591,191.2528,132.4245,-602.7371
44.25574,191.251,132.1986,-602.4379
44.26556,191.474,131.9727,-602.0612
44.27536,190.6508,132.4962,-601.8438
44.28519,191.4723,131.3738,-602.4383
44.29501,190.874,131.7482,-602.4438
44.30481,191.024,131.9722,-602.0664
44.31464,190.8753,132.1973,-602.1423
44.32446,190.5755,132.1227,-602.371
44.33426,190.7254,132.1974,-602.219
44.34409,190.8746,131.6743,-602.8191
44.35391,190.8001,131.8241,-602.7444
44.36371,190.2762,132.2724,-602.3739
44.37354,189.8268,132.4965,-602.2283
44.38336,189.8283,132.8713,-602.152
44.39319,188.9291,133.1697,-601.9363
44.40298,189.7524,132.7955,-601.9281
44.41281,189.3018,132.496,-602.2343
44.42264,189.231,133.5453,-602.0065
44.43246,188.7039,133.2439,-601.7136
44.44226,188.8545,133.5431,-601.4108
44.45209,188.4014,132.6438,-601.7942
44.46188,188.7756,132.3448,-602.0159
44.47168,188.7012,132.8677,-601.34
44.48151,188.9239,132.2684,-601.4894
44.4913,188.4752,132.6425,-601.3433
44.5011,188.8472,131.9679,-601.3414
44.51093,189.3728,131.969,-601.5604
44.52075,188.6215,131.8177,-601.3445
44.53055,188.3973,132.2659,-600.8205
44.54037,188.396,131.7422,-601.2724
44.5502,189.2189,131.1437,-601.49
44.56,188.3978,132.2665,-601.0455
44.56982,189.0677,131.2913,-600.7412
44.57962,188.6184,131.6647,-600.3701
44.58945,189.0683,131.5158,-600.5905
44.59924,189.2162,130.9167,-600.8158
44.60907,188.7675,131.5146,-600.2939
44.61887,189.2167,131.2903,-600.3645
44.62866,188.3176,131.7381,-599.9233
44.63846,188.8435,131.5158,-600.6681
44.64828,188.4657,130.6916,-601.0502
44.65815,188.6913,131.14,-600.4461
44.66795,188.9151,130.915,-600.3693
44.67777,188.5417,131.6626,-599.696
44.6876,188.691,131.2144,-600.2209
44.69743,188.3176,131.7381,-599.9233
44.70722,188.1685,131.8136,-600.1498
44.71705,188.3922,131.5138,-600.1483
44.72688,187.4958,132.5616,-599.7048
44.7367,187.8691,132.187,-599.7018
44.7465,188.0933,131.8879,-599.9254
44.75633,187.8675,131.5883,-600.154
44.76612,188.1675,131.3647,-600.5264
44.77592,188.1679,131.5891,-600.3006
44.78574,188.1676,131.2157,-600.8268
44.79554,187.3445,132.0378,-600.1584
44.80534,187.7178,131.7377,-600.0052
44.81516,187.4966,132.488,-600.1551
44.82499,187.2705,132.1134,-600.384
44.83479,187.4204,132.2627,-600.0818
44.84461,187.1936,131.6636,-600.4615
44.85444,187.2707,131.9646,-600.7595
44.86424,187.7203,131.6661,-601.1304
44.87406,187.0468,132.0402,-601.0618
44.88389,187.4951,131.6657,-601.058
44.89369,186.8224,132.4137,-600.6132
44.90351,187.2714,132.04,-600.9092
44.91334,187.4955,131.7407,-601.0577
44.92313,187.0462,132.1887,-600.5364
44.93296,186.2979,132.6375,-600.3934
44.94276,185.923,132.7864,-600.1722
44.95258,187.0444,131.5898,-600.9135
44.96241,186.9676,131.4384,-600.4649
44.97221,186.3677,131.4378,-600.4718
44.98203,186.5162,131.287,-600.1706
44.99183,186.2919,131.8098,-599.4963
45.00166,186.5895,131.3596,-599.3445
45.01148,186.2893,131.0607,-599.799
45.02131,186.1406,131.4351,-599.6494
45.03111,186.2152,131.5093,-599.3483
45.04093,185.6155,131.6582,-599.2047
45.05073,186.3622,130.6853,-599.6494
45.06056,185.6129,130.8346,-599.6575
45.07038,185.4632,130.984,-599.5087
45.08018,185.3128,130.9834,-599.3605
45.09001,185.315,131.5082,-599.2836
45.09983,185.0148,131.5822,-599.0618
45.10963,184.5647,131.4324,-599.2925
45.11946,184.8656,131.7323,-599.1381
45.12928,184.7162,131.8074,-599.2145
45.13908,184.6415,131.5838,-599.7411
45.1489,185.0166,131.286,-600.3379
45.15873,184.2661,131.5085,-599.7457
45.16853,184.7168,131.286,-600.4163
45.17835,184.1923,131.5098,-600.1965
45.18818,184.492,131.3605,-600.3436
45.19798,184.4158,131.0607,-600.4205
45.20777,183.967,131.733,-599.6733
45.2176,184.2641,131.1331,-599.597
45.2274,183.889,131.3563,-599.1506
45.23719,183.5145,131.7296,-598.7036
45.24702,184.037,131.1304,-598.7747
45.25681,183.9632,131.5046,-598.5492
45.26664,184.2593,130.3067,-599.15
45.27644,183.5137,131.5049,-598.7794
45.28623,184.4851,130.4572,-599.2219
45.29606,183.6642,131.5802,-598.8524
45.30586,183.8893,131.5059,-599.0001
45.31565,184.6381,130.9084,-599.5935
45.32548,184.0408,131.8063,-599.0723
45.33527,184.3382,131.132,-599.2213
45.3451,184.4893,131.059,-599.8197
45.35493,183.7419,131.9564,-599.2252
45.36476,184.488,130.6844,-599.9711
45.37455,184.4882,130.7592,-599.8958
45.38438,184.7876,130.4604,-600.1934
45.39421,184.4882,130.7592,-599.8958
45.404,184.3372,131.0563,-598.9965
45.41383,184.4114,130.8316,-599.0714
45.42365,183.9625,130.9816,-599.2261
45.43348,184.3362,130.6075,-599.373
45.44328,184.3377,130.8331,-599.5972
45.4531,184.6352,130.2336,-599.6709
45.46293,184.6361,130.3839,-599.7454
45.47273,184.563,131.132,-599.1436
45.48255,184.5609,130.0852,-600.1973
45.49238,184.1891,131.506,-598.9216
45.50218,183.2875,131.0556,-599.0836
45.512,184.7125,130.8333,-599.5179
45.52183,184.4124,131.1312,-598.9203
45.53162,184.1115,130.6077,-599.5256
45.54145,184.4845,130.2326,-599.3726
45.55128,184.8589,130.1577,-599.2935
45.56107,184.6354,130.6814,-598.9193
45.5709,184.6356,130.5325,-599.2948
45.58073,184.6321,129.7077,-599.3727
45.59052,184.2591,130.3065,-599.075
45.60035,184.7814,129.707,-599.0711
45.61018,184.2596,130.3817,-599.1497
45.62,184.1077,130.4539,-598.2512
45.6298,184.2564,130.0049,-598.551
45.63963,184.0337,130.6788,-598.2512
45.64945,184.5549,129.332,-599.15
45.65928,184.2544,129.4804,-598.7029
45.66907,184.5561,130.2286,-598.0219
45.6789,184.4793,129.6297,-598.3998
45.68873,184.6287,129.4798,-598.3986
45.69855,184.4024,129.0305,-598.7028
45.70835,184.4038,129.5544,-598.3259
45.71818,184.179,129.8528,-597.8774
45.728,184.1788,129.6287,-598.1782
45.7378,183.731,130.3769,-597.7308
45.74763,184.4027,129.1801,-598.5522
45.75745,183.804,129.554,-598.4078
45.76728,183.8052,130.1522,-597.8057
45.77707,183.5811,130.1531,-598.1833
45.7869,184.0287,129.4792,-598.4055
45.79673,183.9521,129.328,-598.0319
45.80655,184.0268,129.1786,-598.1816
45.81635,183.7282,129.926,-597.4324
45.82618,183.7283,129.8515,-597.5827
45.836,184.1787,129.7778,-597.8777
45.84583,184.2503,129.1024,-597.7294
45.85563,184.8499,128.7296,-598.2487
45.86545,184.8493,128.505,-598.3995
45.87528,184.4762,129.1038,-598.1017
45.88508,185.2992,128.3562,-598.6198
45.8949,184.776,129.1039,-598.0233
45.90473,184.8509,129.0291,-598.0977
45.91453,184.851,129.1039,-598.0224
45.92435,184.8504,128.8794,-598.1732
45.93418,184.9246,128.9531,-597.7221
45.94398,184.8524,129.6278,-597.6456
45.9538,184.9268,129.3288,-597.9457
45.96363,185.0759,129.3278,-597.569
45.97346,184.9248,129.2517,-597.2711
45.98328,185.074,128.6541,-598.0214
45.99308,184.7754,129.2523,-597.4977
46.0029,185.7484,128.4302,-598.1644
46.01273,185.4478,128.4293,-597.9429
46.02256,185.2238,128.6541,-597.9446
46.03239,185.0752,128.9539,-597.9453
46.04221,185.3755,128.8801,-598.2421
46.05201,185.6795,129.3326,-598.9871
46.06184,185.5269,128.8818,-598.7654
46.07166,185.2278,128.8827,-599.1439
46.08149,185.1526,129.0315,-598.7692
46.09131,185.3781,128.8085,-599.3673
46.10114,185.677,128.5838,-599.3647
46.11097,184.927,128.6576,-599.2231
46.12076,185.0021,128.5831,-599.3724
46.13059,185.2279,129.1811,-598.6178
46.14042,184.9276,128.9567,-598.922
46.15024,185.2242,127.6847,-599.8231
46.16004,184.6265,128.5075,-599.302
46.16987,185.3013,128.2841,-599.5951
46.17969,184.8506,128.5066,-598.9245
46.18952,185.2237,128.1318,-598.8466
46.19935,185.2224,127.5333,-599.3736
46.20914,184.4753,128.4313,-598.9291
46.21897,184.9241,128.0574,-599.1503
46.2288,184.3985,128.2798,-598.4805
46.23862,185.2241,128.1322,-598.9965
46.24845,184.8473,127.3091,-599.7537
46.25825,184.8491,127.8334,-599.5269
46.26807,185.447,127.384,-599.5215
46.2779,184.6229,127.8319,-599.0795
46.28773,185.0741,127.7591,-599.6745
46.29755,184.6216,127.2334,-599.6066
46.30735,184.8482,127.7578,-599.3021
46.31718,185.072,127.5327,-599.2254
46.327,184.3979,127.8316,-599.0821
46.33683,184.9979,127.9068,-598.9249
46.34665,184.9973,127.6822,-599.0757
46.35648,185.5968,127.7569,-598.7686
46.36628,186.1186,126.6347,-599.5164
46.3761,185.6677,126.9315,-598.6206
46.38593,185.9669,127.08,-598.0166
46.39576,185.5167,127.0794,-597.9468
46.40559,186.4884,126.1812,-598.2388
46.41541,186.0374,126.2542,-597.7188
46.42524,186.3378,126.7025,-597.0387
46.43503,186.7131,126.4048,-597.7104
46.44486,186.7873,126.404,-597.4095
46.45469,187.4624,125.8826,-598.3787
46.46451,187.4616,125.5833,-598.6047
46.47434,187.5366,125.7324,-598.3033
46.48414,187.9102,125.3583,-598.4503
46.49396,187.1632,126.2562,-598.0057
46.50379,187.8387,125.8845,-598.8993
46.51362,187.3152,126.4079,-598.5284
46.52344,187.5405,126.7815,-597.9996
46.53324,187.3897,126.5566,-598.0771
46.54307,187.3905,126.5575,-598.3771
46.55289,188.2899,125.8863,-599.3441
46.56272,187.6896,125.9601,-599.1258
46.57252,188.3653,126.0362,-599.2676
46.58234,188.3643,125.8112,-599.2684
46.59217,187.2401,126.2585,-598.7549
46.602,187.9887,125.5863,-599.4236
46.61179,188.0646,125.662,-599.6475
46.62162,187.9164,126.1116,-599.5726
46.63144,187.8432,126.412,-599.7224
46.64127,187.9921,126.3363,-599.4209
46.6511,188.3675,125.8895,-600.3932
46.66093,187.9187,126.1143,-600.4726
46.67072,187.9194,126.5627,-599.946
46.68055,188.2923,125.5908,-600.8451
46.69038,187.6926,126.0382,-600.1754
46.70017,188.1402,125.2152,-600.6982
46.71,187.5432,126.1133,-600.2519
46.71979,188.1411,125.7384,-600.0963
46.72962,187.9899,125.7369,-599.648
46.73942,187.8381,125.66,-599.0501
46.74924,188.3609,124.8373,-599.6469
46.75904,187.6116,125.285,-599.129
46.76887,188.2099,124.836,-599.2736
46.77866,187.9075,124.5344,-598.8282
46.78849,188.3571,124.2359,-599.1992
46.79829,187.9794,123.934,-598.6795
46.80811,187.9057,124.383,-598.3788
46.81794,187.9794,124.0086,-598.5292
46.82773,187.8313,124.3091,-598.7549
46.83756,187.9822,124.7579,-598.3016
46.84739,188.3539,123.7101,-598.9009
46.85721,187.4568,124.8315,-598.0074
46.86701,188.3537,123.5605,-599.0515
46.87684,187.7555,124.3081,-598.4558
46.88666,188.7288,123.6356,-598.9719
46.89649,188.2027,123.6338,-598.528
46.90629,188.5777,123.5596,-598.6739
46.91611,188.3533,123.56,-598.9015
46.92594,187.6806,124.2335,-598.6069
46.93574,188.2048,123.8601,-598.9772
46.94556,188.1279,123.3355,-599.1299
46.95539,188.0553,123.9352,-599.0536
46.96519,188.6513,123.0358,-599.0499
46.97501,188.3528,123.4103,-598.9771
46.98481,188.3504,122.9598,-598.8287
46.99463,188.9496,122.9595,-598.5217
47.00443,188.6527,123.8581,-598.147
47.01423,189.1011,123.036,-598.9697
47.02405,188.1277,123.8576,-598.153
47.03385,188.2777,123.5593,-598.6774
47.04368,188.3526,123.7085,-598.376
47.05347,189.0256,122.9607,-598.8959
47.06327,189.474,122.437,-599.1926
47.0731,189.1729,122.3609,-598.8963
47.08289,189.3967,122.1358,-598.8195
47.09272,189.025,122.96,-598.6709
47.10254,189.0232,122.7341,-598.3717
47.11237,189.3221,122.4346,-598.4443
47.12217,188.9478,122.5843,-598.4481
47.13199,189.1737,122.9586,-598.1442
47.14182,188.8008,123.2591,-598.4474
47.15165,189.3243,122.5119,-599.1941
47.16148,188.8768,122.8128,-599.6481
47.17127,189.2514,122.7382,-599.644
47.1811,189.7025,122.5161,-600.4647
47.19092,188.8786,122.9642,-600.0975
47.20075,189.179,122.5174,-601.0707
47.21055,189.3299,122.9662,-600.6174
47.22037,189.4041,123.0399,-600.1663
47.2302,189.1046,122.891,-600.6202
47.24003,189.1028,122.9635,-599.795
47.24982,189.8512,121.9926,-600.9147
47.25965,189.4768,122.8134,-599.6412
47.26948,189.3245,122.1391,-599.9453
47.27927,189.6243,122.5122,-599.1906
47.2891,189.8456,121.6129,-599.3411
47.29889,189.8472,121.8385,-599.5654
47.30872,189.3222,122.2856,-598.7449
47.31855,188.8741,123.1826,-597.9218
47.32837,189.3981,122.8836,-598.0669
47.3382,189.2484,122.8091,-598.2938
47.348,189.9197,121.6118,-598.9653
47.35782,188.8727,122.2858,-598.975
47.36765,189.0971,122.4344,-598.4469
47.37748,189.2461,122.0605,-598.7465
47.38727,189.3231,122.2867,-599.1199
47.3971,189.547,121.838,-599.4938
47.40693,189.0985,122.5853,-598.7464
47.41675,188.7972,122.5835,-598.2248
47.42655,188.2005,123.109,-598.6049
47.43638,188.3489,122.8835,-598.3789
47.4462,189.0239,122.5112,-599.0475
47.45603,188.1254,122.5866,-599.5075
47.46586,189.2491,122.0641,-599.9465
47.47565,189.0255,122.8114,-599.1215
47.48548,188.8769,122.9621,-599.4225
47.49531,189.5493,122.5121,-599.1915
47.5051,189.6986,122.4368,-599.04
47.51493,189.3999,123.1841,-598.2158
47.52476,189.0977,122.7335,-598.1458
47.53458,189.6962,122.5832,-597.8395
47.54438,190.4442,122.1339,-597.8324
47.55421,190.5952,122.3591,-597.8299
47.56403,190.8953,122.2103,-598.127
47.57383,190.371,122.9566,-597.0804
47.58366,191.2686,122.0595,-597.7482
47.59348,190.7469,123.0326,-597.3008
47.60331,191.4186,122.2088,-597.446
47.61313,191.4917,122.505,-596.1691
47.62293,191.5667,122.4305,-596.3185
47.63276,191.418,122.954,-595.8684
47.64262,191.7166,122.6543,-595.866
47.65244,192.2389,122.0548,-595.8621
47.66227,192.615,122.1311,-596.1575
47.67207,192.6139,121.9806,-596.0081
47.68189,192.9147,122.3548,-595.6283
47.69172,193.287,121.6806,-595.7764
47.70155,194.1133,122.056,-595.6155
47.71137,193.4382,121.906,-595.8488
47.7212,193.8137,122.3545,-595.2429
47.731,193.5132,122.279,-595.1716
47.74082,193.213,122.2785,-595.1001
47.75065,194.1857,121.5308,-595.5416
47.76045,193.8132,122.2793,-595.1682
47.77024,194.3365,121.9048,-595.1635
47.78007,193.811,122.1275,-594.5687
47.78989,194.1869,122.2781,-594.6389
47.79972,194.4856,121.8293,-594.9371
47.80952,193.8878,122.6519,-594.3411
47.81934,193.7387,123.1004,-593.8912
47.82917,194.4857,122.277,-594.1855
47.839,194.562,122.3532,-594.5593
47.84882,193.9625,122.5024,-594.4907
47.85862,194.3364,122.4269,-594.1867
47.86845,194.6357,122.5756,-593.6577
47.87827,194.6353,122.4258,-593.7332
47.8881,194.56,122.5001,-593.5089
47.89793,193.7362,122.8736,-593.292
47.90772,194.2623,123.1739,-593.2098
47.91755,193.8878,123.3978,-592.9885
47.92738,193.2151,124.2952,-592.3181
47.9372,194.1887,124.1452,-592.0074
47.94703,193.6648,124.0715,-592.6136
47.95683,194.2603,123.0223,-592.6855
47.96665,194.7116,123.3973,-592.5289
47.97648,194.0349,123.693,-591.3357
47.98631,195.0848,123.1718,-592.2255
47.9961,194.6346,123.3202,-591.8551
48.00593,194.7081,123.1694,-591.5548
48.01576,194.859,123.6181,-591.1015
48.02558,194.5594,124.2897,-590.0526
48.03541,194.6344,124.0659,-590.4275
48.04521,194.9344,123.9171,-590.7246
48.05503,194.7855,124.3658,-590.3497
48.06486,195.382,123.1687,-591.097
48.07468,195.3817,123.3176,-590.7216
48.08451,195.7572,123.5422,-590.4915
48.09431,195.3073,123.9895,-589.7451
48.10413,195.1579,124.4376,-589.1452
48.11393,195.1548,123.7626,-589.1476
48.12376,195.233,124.8854,-588.3927
48.13358,195.3811,124.4358,-588.4676
48.14341,195.3799,124.2851,-588.2432
48.15324,195.9054,124.3608,-588.3119
48.16303,196.0546,124.0617,-588.5362
48.17286,195.4564,124.3615,-588.692
48.18269,195.8318,124.6608,-588.3116
48.19248,195.2319,124.735,-588.2433
48.20228,196.1313,124.1383,-589.06
48.21211,195.9061,124.2124,-588.8373
48.2219,196.059,125.0367,-588.5327
48.23173,196.0574,124.811,-588.3085
48.24156,196.0573,125.0346,-587.8578
48.25138,196.4293,123.987,-588.5321
48.26118,195.8335,124.9612,-588.4606
48.27101,196.4322,124.5872,-588.605
48.28083,196.6574,124.4386,-588.978
48.29066,195.6832,125.1845,-587.9365
48.30045,196.5817,124.4376,-588.6788
48.31028,196.3595,125.1122,-588.604
48.32011,196.2102,125.635,-587.9289
48.32993,196.1362,125.8599,-587.929
48.33976,196.5847,125.1872,-588.5261
48.34956,196.5851,125.0385,-588.9767
48.35938,196.4356,125.1881,-588.9029
48.36921,196.8873,125.489,-589.0466
48.37901,196.4367,125.5625,-588.6765
48.38883,196.437,125.4136,-589.0521
48.39863,196.8867,125.1899,-589.3477
48.40846,195.9906,126.1634,-589.1296
48.41825,196.2892,126.1621,-588.6011
48.42805,195.7634,126.3098,-588.0067
48.43787,196.3641,126.0128,-588.8258
48.4477,196.8113,125.3385,-588.898
48.45753,195.6152,126.834,-587.7816
48.46736,196.6623,125.5634,-588.8989
48.47715,195.7644,126.5348,-588.0059
48.48698,196.5137,126.0871,-588.5238
48.4968,196.2131,126.1607,-588.152
48.50663,196.4394,126.61,-587.8479
48.51646,196.4388,126.3854,-587.9987
48.52628,195.8411,127.2083,-587.4777
48.53611,195.6899,127.132,-587.1046
48.54594,196.4386,126.6091,-587.5479
48.55573,195.9904,127.0584,-587.4764
48.56556,196.2877,126.1603,-588.0012
48.57539,195.7637,126.5339,-587.7059
48.58521,196.0642,127.3553,-586.4246
48.59504,195.837,126.4574,-587.1803
48.60484,195.7636,126.9814,-586.8793
48.61466,195.7608,126.5305,-586.5809
48.62449,195.6883,127.2793,-586.2042
48.63432,195.4614,126.8293,-586.2833
48.64415,195.7617,126.6062,-586.8056
48.65394,195.7631,127.2791,-586.1283
48.66377,195.9858,126.2323,-587.1044
48.6736,195.4633,127.2791,-586.2067
48.68342,195.6123,126.3083,-587.5584
48.69325,195.2403,127.4304,-586.7338
48.70307,195.0155,127.6543,-586.4355
48.71287,195.0876,126.7558,-586.8878
48.7227,195.4634,126.9809,-586.8077
48.73252,195.2417,127.6559,-586.8829
48.74235,194.8679,127.8808,-586.9614
48.75215,195.5412,127.7303,-586.5793
48.76197,195.3143,127.131,-586.8839
48.7718,195.1645,127.0565,-587.111
48.78163,195.6134,126.6826,-587.3321
48.79142,195.0148,127.2059,-586.9621
48.80125,195.3157,127.2819,-587.1834
48.81108,195.0164,127.357,-587.3366
48.82087,194.5676,128.1039,-586.4391
48.8307,194.8684,127.956,-587.0362
48.84053,194.9438,128.1804,-586.8095
48.85035,195.317,127.358,-587.5581
48.86018,194.7196,128.2556,-586.9619
48.86997,194.3453,128.3307,-587.1159
48.8798,195.0932,127.8814,-587.1089
48.88963,195.5455,128.183,-587.4777
48.89946,195.0949,127.8835,-587.7839
48.90925,194.7235,129.0063,-587.1841
48.91908,193.3731,129.0791,-586.8994
48.92891,194.5725,128.7066,-587.337
48.93873,194.5737,128.9318,-587.4112
48.94853,194.7985,128.6334,-587.8597
48.95835,194.2758,129.2324,-587.7136
48.96818,193.8279,129.9059,-587.3413
48.97798,194.8001,129.1575,-587.5577
48.9878,194.7271,129.6074,-587.557
48.99763,194.8762,129.308,-587.7064
49.00746,193.7525,130.0544,-586.8917
49.01725,194.4288,130.4296,-586.7327
49.02708,193.9818,131.0297,-586.8856
49.03691,193.8306,130.9534,-586.5126
49.04673,194.429,130.3553,-586.9578
49.05653,194.5059,131.1036,-586.3544
49.06636,194.5805,131.0287,-586.3538
49.07618,194.1341,131.7039,-586.5815
49.08601,194.7329,131.1808,-587.0265
49.09581,194.2836,131.5542,-586.6554
49.10563,194.2846,131.7793,-586.6545
49.11546,194.4346,131.7794,-586.6528
49.12529,193.7641,133.276,-585.7552
49.13508,194.0655,133.5763,-585.7507
49.14491,194.0626,132.6031,-586.3542
49.15474,194.4382,132.828,-586.1991
49.16453,194.6628,132.6039,-586.4223
49.17436,194.0664,133.279,-586.6519
49.18415,194.9653,133.0549,-586.6423
49.19398,194.442,133.5785,-586.3464
49.20381,194.8183,133.8788,-586.3411
49.2136,194.8186,134.4014,-585.5142
49.22343,194.5202,134.5522,-585.8922
49.23326,194.1485,135.2271,-585.9691
49.24308,194.1471,134.8525,-586.1204
49.25291,194.6725,134.555,-586.7903
49.26274,194.749,134.9299,-586.7132
49.27256,194.824,134.8554,-586.8625
49.28236,194.152,135.6043,-586.7177
49.29219,194.5272,135.6049,-586.7883
49.30201,194.9017,135.3809,-587.0098
49.31184,194.2274,135.6794,-586.7166
49.32167,194.23,136.4285,-586.4139
49.33149,193.7799,136.5026,-586.2688
49.34132,194.0798,136.279,-586.6412
49.35111,194.3048,136.0554,-587.0143
49.36094,194.0063,136.5044,-586.7911
49.37077,194.0058,136.2801,-587.017
49.3806,193.7077,136.9534,-586.5681
49.39042,193.6325,136.9531,-586.494
49.40025,194.0055,136.056,-587.3177
49.41005,193.3325,136.9528,-586.4974
49.41987,193.4059,136.5033,-586.6481
49.4297,193.1071,136.7283,-586.7258
49.43952,193.1077,136.9528,-586.575
49.44935,193.1815,135.9818,-587.8525
49.45915,192.3592,137.103,-586.883
49.46897,193.1819,136.0567,-587.8523
49.4788,193.2567,136.355,-587.2503
49.48863,192.5086,136.8041,-587.1823
49.49845,192.8064,135.9066,-587.9321
49.50825,192.6572,136.2803,-587.5575
49.51808,192.4314,135.9808,-587.7861
49.52787,192.6574,136.2805,-587.6325
49.5377,192.2084,136.8035,-587.1108
49.54753,192.0574,136.28,-587.6394
49.55735,191.6841,136.6546,-587.6424
49.56715,192.3571,136.0562,-587.9367
49.57698,192.0567,135.8316,-588.166
49.5868,192.7308,135.6074,-588.2341
49.59663,192.6548,135.1585,-588.6114
49.60646,192.6552,135.0098,-589.062
49.61625,192.9558,134.9362,-589.4338
49.62608,192.2811,135.0106,-589.4412
49.6359,191.756,135.2337,-588.9965
49.64574,192.6554,134.9355,-589.2872
49.65553,193.4047,134.2639,-590.1809
49.66536,193.4772,133.8881,-589.8814
49.67519,192.9544,134.3378,-589.9609
49.68501,193.5513,133.5141,-590.1818
49.69484,193.3277,133.9632,-589.9579
49.70464,193.5522,133.5898,-590.4066
49.71446,193.7027,133.889,-590.1038
49.72429,193.1795,134.189,-590.2588
49.73412,193.6279,133.6653,-590.5555
49.74391,192.8801,134.4878,-589.9612
49.75374,194.077,133.2171,-591.0019
49.76357,194.0033,133.5916,-590.8514
49.77339,194.0011,133.1413,-590.778
49.78322,194.749,132.4682,-591.1468
49.79305,193.6248,133.0649,-590.4076
49.80284,194.5235,132.6166,-590.6989
49.81267,194.8221,132.3915,-590.5462
49.8225,194.8221,132.3915,-590.5462
49.83232,194.7461,132.2409,-590.3976
49.84215,194.5975,132.6901,-590.1727
49.85198,195.421,131.9432,-590.9159
49.86177,194.8933,131.4918,-590.6235
49.8716,195.1946,131.8666,-590.4688
49.88143,195.3427,131.4915,-590.3934
49.89125,194.742,131.7139,-589.7245
49.90108,195.3403,131.1156,-590.0947
49.91091,195.1911,131.2657,-590.1708
49.92073,195.4922,131.4165,-590.3169
49.93056,195.492,131.3417,-590.3922
49.94036,195.1184,131.9397,-589.8693
49.95018,195.7913,130.8936,-590.9153
49.96001,195.1942,131.7916,-590.4691
49.96984,195.642,131.118,-590.7662
49.97966,195.7177,131.1189,-591.0654
49.98949,196.2416,130.969,-590.9099
49.99932,195.6412,130.8186,-590.9923
50.00911,194.9685,131.7905,-590.1716
50.01894,195.9433,131.4928,-590.6114
50.02876,195.118,131.6409,-590.2454
50.03859,195.8683,131.7166,-590.2365
50.04842,196.3164,131.0434,-590.6837
50.05821,195.717,131.4164,-590.2393
50.06801,196.4658,131.1174,-590.3068
50.07784,196.0896,130.9664,-590.0866
50.08763,196.2379,130.5915,-590.0862
50.09746,196.3864,130.2169,-590.1608
50.10729,195.7136,131.114,-589.4154
50.11708,196.3103,130.2155,-589.7117
50.12691,196.0865,130.9628,-588.8867
50.13674,196.3866,130.963,-588.8832
50.14656,196.6097,130.2151,-589.4833
50.15636,196.6842,130.1399,-589.4077
50.16619,196.7584,129.7661,-589.7831
50.17601,196.6839,130.3633,-588.8819
50.18584,196.0069,129.4652,-589.7179
50.19567,196.6067,129.7639,-589.1099
50.20549,196.8323,129.7648,-589.3323
50.21529,197.1327,129.7656,-589.4788
50.22511,196.7583,129.9898,-589.3324
50.23494,196.0086,130.064,-589.3408
50.24477,197.0558,129.3903,-589.406
50.2546,196.9075,129.989,-589.0306
50.26439,197.5813,129.466,-589.4747
50.27422,196.533,129.9145,-589.3353
50.28405,197.3536,128.5674,-590.0055
50.29387,196.7554,129.3895,-589.2595
50.3037,197.4304,129.4647,-589.1014
50.31352,197.505,129.7628,-588.4246
50.32332,197.6552,129.4647,-589.0239
50.33315,198.1036,129.0904,-589.095
50.34297,198.1778,128.9402,-589.0197
50.3528,198.9255,128.2669,-589.3135
50.36263,199.1516,128.5668,-589.2348
50.37242,199.4509,128.4917,-589.0816
50.38225,199.525,127.8193,-589.9081
50.39208,199.4499,128.2667,-589.0824
50.4019,200.1236,127.8928,-589.226
50.41173,199.8227,127.8168,-589.0047
50.42153,199.6706,127.4412,-588.8578
50.43135,199.895,127.5153,-588.4799
50.44118,199.3704,127.8882,-587.9597
50.45101,200.6438,126.9179,-589.0734
50.46083,199.9704,127.4413,-588.7793
50.47066,200.6445,127.0679,-589.0729
50.48046,200.7187,126.8432,-589.1478
50.49028,200.7189,127.3657,-588.3209
50.50011,201.1658,126.5418,-588.5438
50.50994,201.168,127.2904,-588.0911
50.51976,201.0188,127.3657,-588.2426
50.52959,201.1662,126.8407,-588.1677
50.53939,200.9439,127.4404,-588.1682
50.54921,201.6183,126.8436,-588.9874
50.55904,201.2422,126.9912,-588.3162
50.56886,201.4699,127.3675,-588.6873
50.57869,201.3922,126.9913,-588.3145
50.58852,201.3913,126.6172,-588.6158
50.59835,201.464,125.9432,-588.9174
50.60817,201.09,126.317,-588.6204
50.61797,201.463,126.0912,-588.2419
50.6278,201.2385,126.2407,-588.169
50.63762,201.0904,126.8397,-587.8685
50.64749,201.6127,125.5688,-589.067
50.65731,201.3163,126.6917,-588.4665
50.66714,201.3889,125.8684,-588.9935
50.67697,200.9386,126.0914,-588.4729
50.68676,201.6867,125.6423,-588.5409
50.69659,201.6873,125.9414,-588.2399
50.70642,201.4621,126.0155,-588.0172
50.71624,201.2376,126.1651,-587.9442
50.72607,200.7136,126.7625,-587.2731
50.73589,199.7373,126.387,-587.4357
50.74572,201.2357,125.8644,-587.7203
50.75555,201.535,125.4163,-588.2434
50.76534,201.4597,125.2666,-588.3948
50.77517,201.6095,125.3411,-588.1679
50.785,201.608,124.8172,-588.5447
50.79483,202.0578,124.9666,-588.1641
50.80465,201.9088,125.2659,-588.0146
50.81448,201.3837,125.4146,-587.7202
50.82431,201.1616,126.313,-587.2696
50.83413,201.6095,125.6395,-587.6418
50.84396,201.1615,126.1636,-587.4951
50.85378,201.8346,125.4161,-588.09
50.86358,201.9072,124.9657,-587.9407
50.87341,202.133,125.2653,-587.7121
50.88323,202.6577,124.7432,-588.5329
50.89306,202.1343,125.5653,-587.7111
50.90289,202.4339,125.2667,-588.0836
50.91271,202.2832,125.1165,-588.0859
50.92254,202.584,125.1923,-588.2322
50.93234,202.0587,125.4152,-587.7124
50.94216,202.5099,125.4917,-588.082
50.95199,202.66,125.3428,-588.3807
50.96182,202.7329,124.7435,-588.6069
50.97164,202.5846,125.0439,-588.7576
50.98147,202.885,124.97,-589.0544
50.99127,202.4346,124.9692,-588.9097
51.00109,202.5852,124.97,-589.1329
51.01092,202.3604,125.0445,-589.0602
51.02075,202.1368,125.5682,-588.686
51.03057,202.2105,125.1937,-588.8364
51.0404,202.3608,125.3434,-588.6841
51.0502,202.7339,124.5956,-589.2825
51.06002,202.2112,125.493,-588.6104
51.06985,202.512,125.1958,-589.433
51.07968,202.5855,124.7466,-589.6588
51.0895,202.9604,124.523,-590.0302
51.09933,202.7372,124.7487,-590.3319
51.10913,202.4364,124.8221,-589.8851
51.11895,202.3627,124.8981,-590.2607
51.12878,202.3628,124.9729,-590.1854
51.13861,202.0653,125.6469,-589.9615
51.14843,202.5886,124.6756,-591.0089
51.15826,202.4389,124.825,-590.8601
51.16808,202.5876,124.4506,-591.0097
51.17788,202.29,124.8262,-591.3118
51.18771,202.2148,124.8259,-591.2377
51.19753,202.2152,124.7518,-591.5379
51.20736,202.143,125.5011,-591.3112
51.21719,202.591,124.7531,-591.8336
51.22702,202.1441,125.6515,-591.4606
51.23684,202.4446,125.6525,-591.6821
51.24667,202.3688,125.2038,-592.1346
51.25649,203.2695,125.131,-592.5745
51.26629,202.743,124.6064,-592.8824
51.27612,202.2981,125.8803,-592.6581
51.28594,203.3463,125.357,-592.8728
51.29577,203.1212,125.2074,-593.1009
51.3056,203.4201,125.0573,-592.948
51.31542,203.0465,125.4315,-592.801
51.32525,202.5968,125.5806,-592.6557
51.33505,203.1974,125.7311,-592.6483
51.34487,203.4214,125.4318,-592.7967
51.3547,203.7209,125.3569,-592.7185
51.36453,203.6458,125.1329,-593.0951
51.37435,203.2749,126.331,-592.5703
51.38415,203.7987,125.8078,-593.016
51.39398,202.9739,126.0311,-592.7247
51.4038,204.3979,125.733,-592.8594
51.41363,204.2471,125.5081,-592.9369
51.42346,204.2477,125.8817,-592.4856
51.43328,204.1739,126.0323,-592.7109
51.44308,203.7247,126.1073,-592.8658
51.45291,204.4748,125.8098,-593.4582
51.46273,204.6236,125.6593,-593.2321
51.47256,204.3974,125.4339,-593.1604
51.48239,204.5494,125.5856,-593.6832
51.49221,204.0235,125.5094,-593.4645
51.50201,204.2506,125.736,-593.9111
51.51181,204.1018,125.9611,-593.987
51.52163,203.5784,126.5592,-593.5409
51.53146,203.9531,126.3355,-593.8374
51.54125,203.7299,126.5611,-594.1392
51.55108,203.7289,126.187,-594.4405
51.56088,203.7295,126.2623,-594.5152
51.5707,204.1053,126.4874,-594.4351
51.58053,203.9557,126.4132,-594.7371
51.59036,203.9561,126.712,-594.3611
51.60018,204.3318,126.4894,-595.0325
51.60998,203.8063,126.7867,-594.2875
51.61981,203.807,126.7876,-594.5875
51.62963,203.7316,126.5632,-594.8141
51.63946,204.0323,126.5644,-595.1107
51.64929,204.3306,126.1897,-595.1086
51.65909,203.9577,126.8632,-594.7355
51.66891,204.1106,127.1651,-595.3326
51.67874,204.4093,126.7908,-595.4806
51.68857,204.1883,127.7652,-595.3297
51.69836,204.6364,127.0174,-595.9272
51.70819,203.7379,127.4659,-595.7109
51.71802,204.0388,127.4673,-596.0824
51.72784,204.1164,127.918,-596.305
51.73764,203.7446,128.6674,-596.2316
51.74747,204.418,127.771,-597.202
51.75729,204.3449,128.37,-596.9008
51.76712,204.4178,127.6962,-597.2773
51.77695,203.8961,128.7439,-596.6796
51.78677,204.3466,128.4466,-597.4255
51.79657,204.345,128.1464,-597.3516
51.8064,204.8737,128.748,-597.7183
51.81622,204.1972,128.3726,-597.8024
51.82605,204.4994,128.7486,-598.0226
51.83588,204.4268,129.1989,-598.1719
51.84567,204.2019,129.1242,-598.3248
51.8555,204.2026,129.1251,-598.6248
51.86533,204.3539,129.2759,-598.8475
51.87515,204.1316,129.7266,-599.1484
51.88498,204.3575,129.8025,-599.3706
51.89478,204.5824,129.7279,-599.4432
51.9046,204.5094,130.1778,-599.4425
51.91443,204.3598,130.2527,-599.444
51.92425,204.1362,130.7764,-599.0697
51.93408,204.2113,130.4782,-599.6699
51.94388,204.0638,131.1524,-599.4442
51.9537,204.5126,130.8531,-599.5151
51.96353,204.3643,130.9295,-600.0416
51.97336,204.5144,131.079,-599.8143
51.98318,204.5886,130.7797,-600.0396
51.99298,204.2893,131.2278,-599.5164
52.00281,204.5154,131.3039,-599.8135
52.01263,204.665,131.0798,-600.0376
52.02246,204.2899,131.2285,-599.7414
52.03226,204.1414,131.5286,-599.817
52.04208,203.9188,132.3518,-599.2917
52.05191,204.065,131.0047,-600.1948
52.06174,203.7675,131.6041,-600.1212
52.07153,203.545,132.2037,-600.0466
52.08136,204.0678,131.4556,-600.4932
52.09119,203.3205,132.0548,-600.4997
52.10101,204.2932,131.3817,-600.7908
52.11084,203.0211,132.0552,-600.7281
52.12063,203.4727,132.5052,-600.5714
52.13046,203.0986,132.6551,-600.6501
52.14026,203.3239,132.6557,-600.7975
52.15008,203.6983,131.984,-601.7706
52.15988,203.1032,133.1828,-601.5482
52.16971,203.1019,132.7337,-601.8498
52.17953,203.329,133.0348,-602.1461
52.18933,203.5546,132.9611,-602.5187
52.19916,203.2551,133.1106,-602.4467
52.20898,202.5815,133.7829,-601.7771
52.21881,203.3328,134.0091,-601.9177
52.22861,203.1063,133.7832,-601.696
52.23843,202.5846,134.9057,-601.0231
52.24826,203.4061,133.3358,-602.4442
52.25809,203.3326,133.785,-602.2184
52.26791,203.5557,133.41,-602.1422
52.27774,203.259,134.0103,-602.3685
52.28754,203.1845,134.011,-602.5944
52.29736,203.0335,133.8604,-602.4466
52.30719,203.1104,134.5341,-601.9935
52.31702,203.1844,134.0107,-602.5193
52.32684,202.4359,134.6832,-601.9257
52.33664,202.8878,134.9843,-602.1444
52.34647,202.8118,134.4608,-602.6721
52.35629,203.1124,134.6857,-602.5178
52.36612,202.8877,134.3875,-603.1965
52.37592,202.8119,134.5356,-602.5968
52.38574,202.3663,135.5102,-602.5985
52.39557,202.8163,135.436,-602.7437
52.40539,202.3678,135.5865,-603.0483
52.41522,202.5168,135.2871,-603.1976
52.42505,202.0679,135.661,-602.9764
52.43484,202.0691,135.9608,-602.9004
52.44467,202.1426,135.2877,-603.502
52.4545,202.1424,135.2129,-603.5771
52.46432,202.369,135.4388,-603.7988
52.47415,201.4703,136.1109,-603.1318
52.48395,202.0685,135.2887,-603.8777
52.49377,201.0232,136.3377,-603.8861
52.5036,201.3212,135.888,-603.8842
52.51343,201.4704,135.6633,-603.9583
52.52325,201.2486,136.3383,-604.0334
52.53308,201.1734,136.338,-603.9593
52.54288,200.6501,137.011,-603.438
52.5527,201.0261,136.6395,-604.485
52.56253,200.8756,136.5641,-604.412
52.57236,201.0258,136.8629,-603.9592
52.58215,200.8744,136.0405,-604.8638
52.59198,200.6523,136.9389,-604.4132
52.60181,200.7272,136.7151,-604.7881
52.61163,200.8783,136.8657,-604.9359
52.62143,200.8031,137.0147,-604.6363
52.63126,200.6522,136.715,-604.789
52.64108,200.2029,137.2376,-604.1174
52.65092,201.1016,136.3418,-605.2352
52.66074,199.8286,137.0142,-604.7974
52.67057,200.5804,137.6886,-604.3364
52.68037,200.5031,136.8651,-604.8652
52.69019,200.278,137.014,-604.5673
52.70002,200.6526,136.5664,-605.2396
52.70985,200.2814,137.6894,-604.7148
52.71967,200.6556,137.3905,-604.9366
52.7295,200.2815,137.9133,-604.3391
52.7393,200.3575,138.1384,-604.3374
52.74912,200.7292,137.1651,-604.7866
52.75895,200.3551,137.2404,-605.0156
52.76878,200.4317,137.8391,-604.5626
52.77857,200.5075,137.7655,-605.0121
52.7884,200.4311,137.54,-604.8637
52.79823,200.6557,137.2414,-605.2372
52.80805,200.1325,137.6906,-605.1666
52.81785,200.4335,137.9159,-605.1624
52.82768,200.2076,137.9146,-604.7899
52.83747,200.2101,138.5889,-604.5626
52.8473,201.1814,137.2428,-605.5311
52.85709,200.0589,138.3635,-604.4901
52.86692,200.6569,137.4666,-605.3113
52.87672,200.2845,138.6628,-604.1865
52.88654,200.8831,137.692,-605.3829
52.89634,200.6582,138.065,-604.7842
52.90617,200.8837,137.9166,-605.2322
52.91596,200.2101,138.2905,-605.0886
52.92576,199.9123,139.0388,-604.6395
52.93559,199.9134,139.4877,-604.2628
52.94541,200.6602,138.3657,-605.0082
52.95524,200.8108,138.1429,-605.6822
52.96503,200.6592,137.7677,-605.6852
52.97486,199.7607,138.2162,-605.469
52.98469,200.2848,138.0665,-605.3886
52.99452,200.288,138.8162,-605.3109
53.00434,199.8381,138.8905,-605.2408
53.01414,199.9128,138.8156,-605.2402
53.02397,199.763,139.1141,-604.7908
53.03379,199.8369,138.7399,-605.0164
53.04362,199.3891,139.1897,-605.0949
53.05344,200.3634,138.4438,-606.1364
53.06327,200.4378,138.3686,-606.0607
53.0731,200.2138,138.9664,-605.3862
53.08289,200.138,138.3686,-606.1392
53.09272,199.99,139.2659,-605.3127
53.10255,199.9879,138.6666,-605.5398
53.11237,199.9879,138.5921,-605.6901
53.1222,199.9144,138.9668,-605.6146
53.13203,199.5395,139.1903,-605.2432
53.14185,199.9148,138.8181,-606.0652
53.15165,199.7637,138.5928,-605.9927
53.16148,199.5405,139.0423,-605.9186
53.1713,199.9895,138.7432,-606.0646
53.18113,200.139,138.5936,-606.1384
53.19093,199.6169,139.4917,-605.6912
53.20075,199.9901,138.7439,-606.2896
53.21058,199.0944,139.8671,-605.9959
53.22041,199.7671,139.2682,-606.1403
53.2302,199.5424,139.4175,-605.9923
53.24003,199.6186,139.6428,-606.0657
53.24983,199.6897,138.6686,-606.2933
53.25965,199.4701,140.2413,-605.6152
53.26948,199.6929,139.4929,-606.0654
53.27931,199.4663,139.267,-605.8437
53.28913,199.6918,139.3425,-605.9158
53.29893,199.4666,139.1181,-606.2192
53.30876,199.7682,139.2695,-606.5903
53.31858,199.4687,139.4936,-606.3679
53.32838,199.3937,139.4935,-606.3688
53.3382,199.0933,139.4928,-606.2222
53.34803,199.4674,138.9699,-606.8198
53.35786,198.9437,139.4931,-606.374
53.36768,199.3916,139.0435,-606.3704
53.37748,198.718,139.3428,-606.3771
53.38731,199.2425,139.1936,-606.4466
53.39713,199.2415,138.8195,-606.7479
53.40696,198.4912,139.1167,-606.0805
53.41679,199.0172,138.9693,-606.75
53.42661,197.6694,139.8657,-606.0123
53.43641,198.4946,139.9413,-605.9276
53.44624,198.4177,139.2675,-606.3808
53.45606,198.7179,139.119,-606.7529
53.46589,198.4166,138.8187,-606.7574
53.47572,198.2681,139.4917,-606.1567
53.48554,198.1911,138.9671,-606.3094
53.49537,197.9661,138.743,-606.6878
53.50517,198.4166,138.7441,-606.9077
53.51499,198.1914,138.7437,-606.8352
53.52482,198.0416,138.8929,-606.6114
53.53465,197.8154,138.9659,-606.0138
53.54447,197.8928,139.0434,-606.8376
53.5543,198.5661,138.5945,-606.9814
53.56413,198.4155,138.3698,-607.1339
53.57392,198.1168,139.1171,-606.3098
53.58375,198.6396,138.2944,-606.9066
53.59358,197.9675,139.2669,-606.311
53.6034,198.1916,138.8185,-606.76
53.61323,198.1182,139.2679,-606.6093
53.62306,197.8915,139.0418,-606.3126
53.63288,198.192,139.1173,-606.3839
53.64271,197.5173,139.5647,-605.7151
53.65251,198.4197,139.4191,-606.9052
53.66234,198.3409,138.6686,-606.7588
53.67216,198.7162,138.8185,-606.6039
53.68199,198.3412,138.5197,-607.1343
53.69179,198.1917,138.6694,-607.0604
53.70161,198.1169,138.8934,-606.7606
53.71144,198.0417,138.8931,-606.6865
53.72127,198.0411,138.7431,-606.687
53.73106,198.041,138.8176,-606.5367
53.74089,197.4438,139.5664,-606.3159
53.75072,198.1931,138.8203,-607.3599
53.76054,196.9954,139.8662,-606.3951
53.77037,197.9675,138.8939,-606.9872
53.78017,197.9678,138.6705,-607.5131
53.78999,197.5172,139.0424,-606.6169
53.79982,197.5177,138.8192,-607.2177
53.80965,196.9177,139.2661,-606.3981
53.81947,197.4415,138.743,-606.8438
53.8293,196.9896,138.3673,-606.7754
53.83913,197.2918,138.8178,-606.8453
53.84892,197.8151,138.0704,-607.5169
53.85875,197.3667,138.6686,-607.0699
53.86858,197.3647,138.144,-607.2218
53.8784,197.217,138.5196,-607.4472
53.88823,197.4399,138.0698,-607.4462
53.89806,197.5147,138.1442,-607.2201
53.90785,197.0664,138.5933,-607.0737
53.91768,196.6157,138.5174,-606.9291
53.92751,196.242,138.8916,-606.7822
53.93733,196.7677,138.5946,-607.6021
53.94716,196.9164,138.1456,-607.902
53.95699,196.7684,138.7446,-607.6016
53.96678,197.2164,138.1459,-607.8986
53.97661,196.6189,138.8196,-607.6781
53.98644,197.1432,138.2972,-608.3489
53.99626,197.0678,138.3712,-608.0495
54.00609,197.1421,138.2959,-607.8989
54.01589,197.0694,138.5969,-608.2737
54.02571,196.8428,138.4456,-607.9018
54.03551,197.1456,138.8222,-608.347
54.04533,197.0702,138.7471,-608.3481
54.05513,197.5937,138.3729,-608.4184
54.06496,197.6701,138.5984,-608.5667
54.07478,197.2946,138.5228,-608.4963
54.08461,197.5943,138.3735,-608.6434
54.09444,197.5948,138.5233,-608.5678
54.10423,197.8949,138.3745,-608.8649
54.11406,198.1189,138.299,-608.6376
54.12389,197.8961,138.8981,-608.4131
54.13371,198.0459,138.8235,-608.4866
54.14354,197.9714,138.9732,-608.4119
54.15337,198.5699,138.3006,-609.0074
54.16319,198.6437,138.0009,-609.0826
54.17299,198.7184,138.2989,-608.4057
54.18282,198.9435,138.001,-609.0041
54.19264,198.5672,138.0736,-608.3333
54.20247,199.0165,137.8495,-608.4788
54.2123,198.7904,137.7733,-608.1818
54.22212,198.867,138.0736,-608.2548
54.23195,199.0166,138.0733,-608.1031
54.24174,199.1641,137.6976,-607.8027
54.25157,199.013,137.3977,-607.8805
54.2614,199.2359,137.0224,-607.7292
54.27123,199.5361,137.0975,-607.6506
54.28105,199.2337,136.5722,-607.6559
54.29088,198.8585,137.0191,-606.7586
54.3007,199.0812,136.4198,-606.9081
54.31053,198.407,136.5694,-606.9903
54.32036,198.7818,136.6441,-606.7608
54.33019,198.4071,136.7933,-606.6146
54.34001,198.1827,137.1667,-606.1659
54.34984,198.7057,136.2697,-606.9879
54.35966,197.8824,137.0168,-606.3198
54.36949,198.1822,136.6439,-606.9177
54.37932,198.4055,136.1946,-607.0666
54.38914,197.8816,136.643,-606.6962
54.39897,197.9559,136.3437,-606.9213
54.4088,197.6564,136.4932,-606.8492
54.41863,197.5827,136.7186,-606.9993
54.42842,197.0577,136.7926,-606.8551
54.43825,197.2074,136.7178,-606.8536
54.44808,197.0558,136.119,-607.3075
54.4579,196.5329,136.7923,-606.9362
54.46773,196.53,136.1921,-606.8632
54.47752,196.2313,136.6409,-606.5652
54.48735,196.6806,136.1184,-607.2368
54.49718,196.6797,135.9682,-607.1623
54.507,196.2286,136.0409,-606.5673
54.51683,196.1533,135.9659,-606.5684
54.52663,195.6301,136.4897,-606.3476
54.53645,195.9282,136.0402,-606.4207
54.54628,196.0025,135.5919,-606.9464
54.55611,195.7779,135.6666,-606.9487
54.56593,195.4757,135.2161,-606.8788
54.57576,195.2523,135.74,-606.5796
54.58556,195.1007,135.2158,-606.8831
54.59538,194.6521,135.4408,-607.0374
54.60521,194.7261,135.2158,-607.0374
54.61504,194.3512,135.4394,-606.666
54.62486,193.8999,135.2882,-606.4467
54.63466,193.5247,135.2877,-606.376
54.64449,193.0012,135.6619,-606.3057
54.65433,193.7476,134.3156,-607.2769
54.66416,193.2979,134.2408,-607.5073
54.67398,193.0741,134.8388,-606.9077
54.68378,192.9985,134.3905,-607.5102
54.69361,192.4745,134.988,-606.8392
54.70343,192.6234,134.3899,-607.4395
54.71326,191.797,134.1637,-607.2998
54.72308,191.948,134.4634,-607.147
54.73291,191.7959,134.0132,-607.1503
54.74271,191.3485,134.8365,-606.7026
54.75253,191.9444,133.3402,-607.751
54.76233,191.7926,132.8903,-607.8293
54.77216,191.5693,133.2651,-607.8306
54.78195,191.7171,132.6659,-608.056
54.79178,191.3424,132.8896,-607.7595
54.80158,190.968,132.8899,-607.9888
54.8114,190.8914,132.7387,-607.6152
54.82123,191.0405,132.5141,-607.6893
54.83106,190.6662,132.7383,-607.5428
54.84088,189.991,133.1104,-606.7993
54.85068,190.7388,132.1388,-607.6941
54.86051,190.2157,132.9611,-606.9471
54.87033,190.2878,131.9879,-607.5497
54.88016,190.8869,131.6144,-607.8442
54.88996,190.5134,132.3618,-607.0958
54.89978,190.5089,131.2375,-607.3248
54.90961,190.5088,131.4611,-606.8741
54.91944,190.4334,131.0876,-607.4012
54.92923,190.2818,130.9364,-607.0285
54.93906,190.0585,130.9382,-607.7061
54.94888,190.7282,129.5897,-608.0031
54.95868,189.8287,130.0371,-607.4119
54.96851,190.1276,129.663,-607.6348
54.97833,189.8272,129.3639,-608.0143
54.98816,190.7246,128.9141,-607.7805
54.99796,190.4995,128.69,-608.1589
55.00778,190.0491,128.8382,-607.7136
55.01761,189.8253,129.0632,-607.7903
55.02741,189.7526,129.5881,-607.7894
55.03723,190.2765,128.9159,-608.5356
55.04706,190.3501,128.3175,-609.0619
55.05689,190.2779,129.0668,-608.8351
55.06671,190.2782,128.8434,-609.3608
55.07651,189.6072,129.8172,-609.2152
55.08634,190.4314,128.9219,-610.4838
55.09616,190.5807,128.6975,-610.6329
55.10599,190.4325,128.8487,-611.0841
55.11582,190.2823,128.8483,-611.0108
55.12564,190.0596,129.5967,-610.5607
55.13544,189.6094,129.5961,-610.4909
55.14527,190.2836,128.9244,-611.3856
55.15509,190.5831,128.775,-611.4576
55.16492,191.0283,127.9491,-611.0054
55.17475,190.4311,128.3994,-611.3107
55.18454,191.2541,127.8011,-611.6033
55.19437,190.6558,128.1755,-611.6088
55.2042,191.853,127.0543,-612.499
55.21402,191.6293,127.7271,-611.8242
55.22385,191.5545,127.8764,-611.5995
55.23367,191.6281,127.5764,-611.5997
55.24347,191.4755,127.2001,-611.2278
55.2533,192.748,126.0795,-612.2672
55.26309,192.2238,126.3784,-612.0471
55.27292,193.1949,125.5541,-611.9638
55.28275,193.3453,125.4801,-612.2624
55.29254,193.045,125.7778,-611.5897
55.30237,193.1204,125.6292,-612.0394
55.3122,192.6698,125.7772,-611.5192
55.32202,193.27,126.0019,-611.2114
55.33185,193.1911,124.8782,-611.6662
55.34165,192.9664,125.1021,-611.3681
55.35147,193.4129,124.1286,-611.7413
55.3613,193.3376,124.1281,-611.5922
55.37113,194.0866,123.6802,-612.0352
55.38095,194.0116,123.4562,-612.4118
55.39075,193.5626,124.0538,-611.7399
55.40058,193.4121,123.6054,-612.3431
55.4104,193.1126,124.1279,-611.5947
55.42023,193.0375,123.8294,-612.1217
55.43002,192.5085,123.3019,-611.4547
55.43985,192.2834,123.1523,-611.6827
55.44968,192.8058,122.3292,-612.1296
55.45947,192.3576,122.9276,-611.7576
55.4693,191.4579,123.3747,-611.0915
55.47913,192.2821,122.4048,-612.5104
55.48896,191.9817,122.5532,-612.0633
55.49878,191.8286,121.6542,-612.4432
55.50858,191.3814,122.3285,-612.371
55.5184,190.8559,122.3273,-612.152
55.52823,190.9297,122.0276,-612.2272
55.53806,191.154,121.8778,-612.2252
55.54788,191.3759,120.6808,-613.1268
55.55768,190.3272,121.4272,-612.3113
55.56751,190.7011,120.9787,-612.6836
55.57733,190.2535,121.4288,-612.8371
55.58716,191.1513,120.6064,-613.4297
55.59699,191.0781,120.7577,-613.8799
55.60681,190.0289,121.2051,-613.3655
55.61661,190.1042,121.2802,-613.3643
55.62644,189.9549,121.6539,-612.9898
55.63626,190.4783,121.2049,-613.1353
55.64609,190.6242,119.9321,-613.8131
55.65593,190.4749,120.1565,-613.664
55.66575,190.4732,119.7069,-613.8156
55.67558,190.4754,120.5301,-613.2126
55.68538,190.6985,119.8567,-613.6625
55.6952,190.6205,119.4055,-613.29
55.70503,190.844,119.18,-613.0632
55.71486,190.5449,119.1809,-613.4416
55.72468,190.2429,119.1781,-612.6201
55.73451,190.1688,119.1792,-612.996
55.74434,189.7932,118.9542,-613.1511
55.75416,190.916,118.1321,-613.741
55.76396,190.616,118.1319,-613.7445
55.77378,190.0925,118.5061,-613.6742
55.78361,190.316,118.1316,-613.7479
55.79344,189.7943,119.0302,-613.4508
55.80327,190.3183,118.0597,-614.7982
55.81309,190.0209,118.734,-614.6492
55.82292,189.423,119.1834,-614.6545
55.83272,189.3502,119.8574,-614.353
55.84254,189.3491,119.1847,-615.1053
55.85237,189.3493,118.8865,-615.7064
55.86219,189.1992,118.8863,-615.7082
55.87202,188.899,118.9604,-615.4863
55.88185,189.0486,118.6616,-615.8607
55.89168,188.3015,119.4102,-615.6417
55.90147,188.1523,119.2619,-616.2439
55.9113,188.0047,120.0106,-615.8679
55.92112,188.1555,119.8625,-616.4667
55.93095,188.0813,119.8634,-616.7676
55.94078,187.8561,119.8629,-616.6951
55.9506,187.7051,119.2648,-617.374
55.96043,186.9598,120.4632,-617.0784
55.97026,188.382,119.3423,-617.9659
55.98005,187.8566,119.2668,-617.9722
55.98988,187.7061,119.4898,-617.3732
55.99971,187.2581,119.641,-617.9028
56.00953,186.3586,120.3119,-616.8608
56.01936,187.1077,120.0879,-616.928
56.02916,186.5813,120.011,-616.4843
56.03898,186.4312,120.2345,-616.0353
56.04881,186.429,119.6352,-616.2624
56.05864,186.4283,119.4852,-616.2629
56.06846,186.2782,119.3358,-616.4902
56.07826,186.7265,118.7373,-616.8621
56.08809,186.4266,118.8864,-616.64
56.09791,186.4998,118.4366,-616.7158
56.10774,185.7501,118.8839,-616.0479
56.11757,185.4497,118.9577,-615.751
56.12739,185.6745,119.4052,-614.8468
56.13719,185.6723,118.8059,-615.0739
56.14702,186.0446,117.9078,-615.5978
56.15684,185.8928,117.6818,-615.3004
56.16667,185.3693,118.5036,-614.4035
56.17649,185.5929,118.2038,-614.402
56.18632,185.8172,117.4572,-615.452
56.19612,185.7403,117.0819,-615.3793
56.20594,185.5915,117.3815,-615.3049
56.21577,185.2186,118.1296,-614.7816
56.2256,184.7673,117.9039,-614.7125
56.23543,184.3924,118.1274,-614.3411
56.24525,184.9148,117.0059,-615.314
56.25508,185.2162,117.3061,-615.3094
56.2649,184.7669,117.3066,-615.6146
56.2747,184.319,118.0546,-615.0921
56.28453,184.5424,117.5307,-615.3915
56.29435,183.5696,117.9055,-615.6263
56.30418,184.5442,117.9805,-615.3148
56.31398,183.8687,117.9046,-615.2479
56.3238,183.6438,118.0537,-615.025
56.33363,183.1953,118.7265,-614.4277
56.34346,183.119,118.5009,-614.2794
56.35328,183.6413,117.4539,-615.1021
56.36308,183.1924,117.9024,-614.7307
56.37291,183.04,117.4518,-614.584
56.38273,183.5642,117.4514,-614.278
56.39256,183.337,117.3739,-613.5308
56.40236,182.8094,116.9973,-613.1633
56.41218,182.8082,117.0705,-612.563
56.42201,182.7321,117.0691,-612.1138
56.43184,182.7294,116.7675,-611.59
56.44166,182.8798,116.6935,-611.8885
56.45149,183.4003,115.6443,-611.9612
56.46128,182.8771,115.8697,-612.2664
56.47111,183.4773,116.1689,-611.8084
56.48094,183.6244,115.5688,-611.7338
56.49077,183.3249,116.0167,-611.1357
56.50059,183.3987,115.8661,-610.9105
56.51042,182.6508,116.9122,-609.8654
56.52022,183.6209,115.7884,-609.9332
56.53004,182.9458,115.8623,-609.7906
56.53987,183.9174,115.1878,-609.6318
56.54969,183.7683,115.3379,-609.7081
56.55952,183.7684,115.7856,-608.9564
56.56932,183.8421,115.1127,-609.6329
56.57914,184.5168,114.9638,-609.7758
56.58897,184.5941,115.4889,-609.773
56.5988,184.7436,115.4138,-609.6965
56.60862,184.744,115.6382,-609.4707
56.61842,184.5959,116.0132,-609.5461
56.62825,183.9961,116.4604,-608.8015
56.63807,185.195,115.9381,-609.3145
56.6479,185.4184,115.4888,-609.4635
56.65773,184.5954,116.3855,-608.6448
56.66756,184.8172,115.5614,-608.8702
56.67739,184.8956,116.3115,-608.8666
56.68721,185.5668,115.6362,-608.5613
56.69704,185.341,115.6351,-608.2639
56.70684,185.7178,116.2344,-607.8825
56.71666,184.9668,116.3816,-607.2155
56.72649,184.9657,116.5296,-606.5401
56.73632,185.2668,115.8598,-608.189
56.74614,185.4921,116.4571,-607.2092
56.75594,185.4164,116.307,-607.2106
56.76577,185.343,116.5326,-607.4357
56.77559,185.49,116.0817,-607.0606
56.78542,185.7893,115.7081,-607.4335
56.79525,185.9394,115.783,-607.3564
56.80504,186.464,115.8576,-607.0502
56.81487,186.0876,115.9302,-606.3793
56.82469,185.4132,116.3032,-605.9357
56.83452,185.4875,116.5263,-605.2592
56.84435,185.9378,116.0049,-606.3057
56.85418,186.7608,115.7795,-605.9221
56.864,186.7606,115.8539,-605.6968
56.8738,186.1607,116.3756,-604.8019
56.88362,186.7593,115.7032,-605.4724
56.89345,186.3091,115.7771,-605.2523
56.90325,187.5107,116.0039,-605.4626
56.91307,187.1355,116.3017,-604.866
56.92287,187.4358,116.5261,-604.5616
56.9327,187.2118,116.7509,-604.5634
56.94252,187.5113,116.5269,-604.7858
56.95235,188.4106,116.0048,-605.4523
56.96215,188.2594,115.9285,-605.0793
56.97197,188.4843,116.0778,-604.7762
56.9818,188.6343,116.0779,-604.7745
56.99163,187.8105,116.8992,-603.8061
57.00145,188.6343,116.4509,-604.0981
57.01128,187.5859,117.0486,-603.6581
57.02111,188.4859,116.9003,-603.9482
57.03093,188.3366,117.1247,-603.7993
57.04073,188.6386,117.575,-603.7942
57.05056,188.8619,116.9018,-604.319
57.06038,188.188,117.35,-603.9501
57.07021,189.4618,116.9769,-604.1617
57.08004,189.6113,116.6034,-604.6114
57.08983,189.7589,116.75,-603.4092
57.09966,189.3084,116.6743,-603.3397
57.10949,189.457,116.5236,-603.0384
57.11931,189.8314,116.4487,-602.9594
57.12914,189.3076,117.1209,-602.2131
57.13893,189.8309,116.448,-602.7344
57.14876,190.056,116.4485,-602.8068
57.15859,190.0568,116.8223,-602.4305
57.16841,190.2084,116.8991,-602.9535
57.17824,190.731,116.4491,-602.799
57.18807,190.6584,116.9741,-602.798
57.19789,190.6567,116.5245,-602.9496
57.20769,190.3602,117.722,-602.1989
57.21752,190.8835,117.422,-602.0439
57.22734,190.286,118.4687,-601.147
57.23717,191.258,117.3472,-601.9648
57.247,191.7816,117.0477,-601.9599
57.25679,191.1833,117.8696,-601.1389
57.26662,191.7055,116.9717,-601.661
57.27645,191.483,117.7203,-601.2859
57.28627,192.3799,116.6732,-601.9543
57.2961,191.7078,117.3474,-601.8846
57.3059,192.0826,117.2729,-601.9556
57.31572,192.0842,117.8716,-601.5035
57.32555,191.7835,118.0197,-600.9814
57.33538,192.0097,117.8722,-601.7294
57.34517,192.1577,117.1985,-602.105
57.355,192.384,117.5732,-601.9511
57.36483,192.6086,117.6475,-601.6483
57.37465,191.9367,118.5458,-601.2778
57.38445,192.3855,117.948,-601.8748
57.39428,192.3875,118.6964,-601.3472
57.4041,192.6857,118.1724,-601.5706
57.41393,192.6848,118.0967,-601.3458
57.42375,192.46,118.4697,-600.7471
57.43355,192.3104,118.7684,-600.3727
57.44338,192.6104,118.4703,-600.8953
57.4532,193.1342,118.0965,-601.1156
57.463,193.2832,117.8716,-601.1147
57.47283,193.2833,117.7225,-601.4153
57.48262,192.8332,117.8712,-601.1199
57.49245,192.4575,118.0938,-600.4484
57.50228,192.9828,118.02,-600.6677
57.5121,192.6072,118.4665,-599.6204
57.52193,192.5318,118.1675,-599.9973
57.53173,192.0063,118.3157,-599.5529
57.54155,191.7071,118.6147,-599.3302
57.55138,192.2293,117.8659,-599.5519
57.56121,191.6314,118.4646,-599.3316
57.57103,192.3793,118.0899,-599.1744
57.58086,192.5285,117.8653,-599.2484
57.59066,192.0024,117.938,-598.6542
57.60048,191.9268,117.9372,-598.4301
57.61031,191.2512,118.085,-597.9124
57.62014,191.8494,117.5612,-598.1323
57.62996,191.474,117.635,-597.8363
57.63979,191.9211,117.4082,-597.082
57.64962,191.6952,117.1832,-597.1604
57.65946,191.4693,117.1073,-596.9383
57.66928,191.6919,116.7316,-596.637
57.67911,191.9158,116.6559,-596.3347
57.68891,191.2413,117.0289,-595.8912
57.69873,191.1654,117.0277,-595.517
57.70856,191.0161,117.103,-595.6685
57.71839,191.0913,117.1779,-595.5923
57.72821,190.1915,117.5502,-595.0014
57.73804,191.1652,117.1766,-595.1415
57.74784,191.1663,117.1779,-595.5915
57.75766,190.341,117.7735,-594.3989
57.76749,190.6418,117.6256,-594.996
57.77732,190.3429,117.9997,-594.7731
57.78711,191.0178,117.5526,-595.5168
57.79694,191.0168,117.3276,-595.5177
57.80677,190.792,117.626,-595.0693
57.81659,190.7929,117.6271,-595.4443
57.82642,190.7937,118.001,-595.0679
57.83621,191.0209,118.4514,-595.1387
57.84604,190.7966,117.8553,-596.4933
57.85587,191.3206,117.8547,-596.1124
57.8657,190.4218,117.8551,-596.5727
57.87552,191.0239,118.455,-596.3386
57.88535,191.3963,117.7063,-596.637
57.89517,190.7965,117.7059,-596.7189
57.90497,191.0965,118.0792,-596.0392
57.9148,190.8736,118.6783,-595.8146
57.92462,190.7227,118.677,-595.4414
57.93445,190.498,118.9757,-595.0679
57.94428,190.1979,118.6022,-595.6727
57.95411,191.2455,118.0782,-595.6625
57.96393,191.3938,117.7779,-595.5118
57.97373,191.3203,118.451,-594.9103
57.98355,191.2442,118.0021,-595.2877
57.99338,190.7202,118.3757,-594.9924
58.00321,191.3178,118.1497,-594.4614
58.01303,191.2414,118.0733,-594.0125
58.02286,191.0934,118.8215,-593.4866
58.03266,190.7165,118.5205,-593.2669
58.04248,190.8667,118.4463,-593.4905
58.05231,192.2873,117.4727,-593.4776
58.06214,192.0621,117.5468,-593.2549
58.07193,191.9132,117.9955,-592.8801
58.08176,191.5378,117.9947,-592.7344
58.09156,191.1622,118.1428,-592.2131
58.10138,191.686,117.8435,-592.2832
58.11121,191.0872,118.4411,-591.688
58.12104,191.2375,118.6654,-591.3855
58.13086,191.6092,118.0651,-591.1583
58.14069,191.535,118.2152,-591.2336
58.15049,191.5333,117.5418,-591.761
58.16031,191.385,117.9912,-591.6111
58.17014,191.2319,117.4652,-591.3148
58.17996,191.3067,117.1666,-591.7649
58.18976,191.4578,117.5411,-591.5369
58.19959,191.1585,117.6162,-591.6901
58.20941,190.5592,117.9895,-591.3207
58.21924,191.4584,117.8402,-591.2358
58.22904,191.0079,117.69,-591.3166
58.23886,191.0818,117.5396,-591.1662
58.24869,191.0077,117.6897,-591.2416
58.25852,190.7058,117.7617,-590.3447
58.26831,190.3287,117.162,-590.5762
58.27814,190.3292,117.3118,-590.5007
58.28797,190.5538,117.61,-589.8221
58.29779,190.1784,117.3108,-590.2024
58.30762,190.2537,117.5349,-589.9008
58.31745,190.0289,117.4604,-590.1286
58.32724,189.2053,118.058,-589.611
58.33707,189.8801,117.9839,-589.6785
58.3469,189.8762,116.7857,-590.2827
58.35672,189.2019,117.3826,-589.4634
58.36652,189.352,117.2336,-589.7622
58.37635,189.5004,117.0827,-589.386
58.38617,189.4259,117.3817,-589.0858
58.396,189.2731,116.7068,-589.1649
58.40583,189.4227,116.781,-588.8629
58.41562,188.8989,117.0803,-588.7928
58.42545,188.0744,117.4531,-588.3511
58.43527,188.2991,117.3783,-588.3488
58.4451,188.5245,116.9315,-589.3228
58.45493,188.5249,116.9319,-589.4728
58.46475,188.5266,117.1578,-589.772
58.47458,188.152,117.6054,-589.0997
58.48438,188.3028,117.159,-590.2245
58.4942,187.7044,117.6825,-589.9296
58.504,188.0783,117.234,-590.3018
58.51383,188.0041,117.5332,-590.0766
58.52365,188.0808,117.9083,-590.0744
58.53348,187.557,118.0585,-590.3049
58.54331,187.9319,117.835,-590.6764
58.55313,188.0815,117.6108,-590.9005
58.56296,187.7811,117.2371,-591.4302
58.57279,187.6319,117.6108,-591.0556
58.58258,187.2577,117.5368,-591.5102
58.59241,187.4845,118.0613,-591.2808
58.60224,187.632,117.3871,-591.5064
58.61206,186.9574,117.7599,-590.9879
58.62189,187.1077,117.8351,-590.9859
58.63172,186.6582,118.059,-590.7653
58.64154,186.3594,118.2839,-590.8429
58.65137,186.5071,117.6099,-591.1436
58.66116,186.3562,117.9071,-590.2443
58.67098,186.2797,117.6068,-590.1712
58.68081,186.9527,116.9338,-590.6158
58.69064,186.2785,117.3816,-590.097
58.70046,186.6524,116.8585,-590.6196
58.71029,185.6784,117.4555,-589.9536
58.72012,186.2767,116.8572,-590.3238
58.72994,185.903,117.1569,-590.327
58.73977,186.1283,116.9337,-590.8503
58.7496,186.2778,116.5602,-591.2999
58.75942,186.5764,116.5589,-590.7714
58.76925,186.2774,116.6343,-590.9996
58.77905,186.4997,115.8854,-591.2997
58.78887,186.2757,116.2593,-591.001
58.7987,185.902,116.2605,-591.5303
58.80853,185.6051,117.0845,-591.3058
58.81835,185.9027,116.3359,-591.6799
58.82818,185.3789,116.5607,-591.7602
58.83801,185.9048,116.7114,-591.8286
58.84783,185.679,116.4119,-592.0573
58.85763,185.3797,116.9345,-591.384
58.86746,185.3763,116.11,-591.5369
58.87728,185.6788,116.7101,-591.4562
58.88711,185.6762,116.0355,-591.6086
58.89694,185.9024,116.1864,-591.8304
58.90676,184.7034,116.4848,-591.6932
58.91659,185.828,116.187,-592.0563
58.92642,185.755,116.7115,-591.9053
58.93621,185.2317,117.3844,-591.3841
58.94604,185.8291,116.2629,-592.3561
58.95587,185.7544,116.7108,-591.6804
58.96569,185.9782,116.1874,-592.1296
58.97552,185.5278,116.261,-591.8345
58.98535,186.1275,116.112,-591.9781
58.99517,185.8263,115.8865,-591.9074
59.005,185.9009,115.8862,-591.7566
59.01483,185.6033,116.3363,-591.9084
59.02462,185.8276,116.2611,-591.7561
59.03445,185.7553,116.7119,-592.0554
59.04428,185.7577,116.864,-592.7298
59.0541,186.2825,116.4913,-593.325
59.06393,185.8358,116.7185,-594.2294
59.07375,186.3635,117.0206,-594.7473
59.08358,186.288,116.4978,-595.5
59.09341,186.0665,117.3969,-595.2744
59.10324,185.9172,117.1738,-595.9518
59.11306,185.8427,117.1744,-596.1778
59.12289,185.7676,117.3979,-595.7278
59.13268,185.6185,117.4735,-595.9543
59.14251,185.9903,116.4256,-596.5536
59.15234,185.5427,117.1741,-596.1812
59.16216,185.6922,116.726,-596.781
59.17199,185.9147,116.4995,-596.1793
59.18182,185.39,116.5739,-596.1851
59.19164,185.3922,117.0987,-596.1082
59.20147,185.9891,116.4988,-595.9534
59.21127,185.0898,117.0955,-595.1367
59.22109,185.6143,116.8717,-595.3564
59.23092,185.4636,116.8706,-595.0582
59.24075,185.6115,116.4953,-594.9077
59.25057,185.388,116.5715,-595.36
59.26037,185.3122,116.645,-594.9106
59.2702,185.9111,116.1967,-595.2803
59.28002,186.0594,115.8219,-595.28
59.28985,186.2844,115.8221,-595.2773
59.29968,186.5096,115.8226,-595.3498
59.30947,185.8345,116.0455,-594.9067
59.3193,186.5831,115.7463,-594.8992
59.32913,186.2829,115.8203,-594.6774
59.33895,186.5079,115.8205,-594.6748
59.34878,186.2819,115.2969,-595.2042
59.35861,185.9829,115.82,-594.6808
59.3684,186.8816,115.2972,-595.1224
59.37823,186.2076,115.5961,-594.9791
59.38805,186.5797,115.1454,-594.6014
59.39788,186.7311,115.2964,-594.899
59.40771,186.5799,115.3695,-594.3006
59.4175,186.5024,114.7696,-594.3786
59.42733,186.1292,115.592,-593.63
59.43716,186.5771,114.9186,-594.0022
59.44699,186.7283,115.144,-594.0746
59.45681,185.1507,114.9154,-593.4186
59.46661,186.2037,115.293,-593.9302
59.47643,186.0526,115.1424,-593.7824
59.48626,186.5011,114.6935,-594.0038
59.49609,187.1013,114.3213,-594.7482
59.50591,186.7266,114.4705,-594.6021
59.51574,186.3538,114.9204,-594.6797
59.52554,186.5051,115.1458,-594.7522
59.53536,186.132,115.297,-595.2809
59.54519,186.5043,114.3989,-595.8049
59.55502,186.3551,114.6981,-595.5805
59.56484,186.2062,114.7738,-595.882
59.57464,185.9824,115.0734,-595.8085
59.58447,186.2839,115.2994,-596.0292
59.59429,185.9843,115.2995,-596.1827
59.60412,186.1336,114.8513,-596.7075
59.61395,186.1349,115.1512,-596.7064
59.62374,186.3592,115.076,-596.5541
59.63357,185.8356,115.3755,-596.5591
59.6434,186.136,115.3017,-596.8559
59.65322,185.5344,114.777,-597.1647
59.66309,186.8102,114.7046,-597.6003
59.67288,186.2872,115.4525,-597.0786
59.68271,187.0356,114.6307,-597.8979
59.69254,187.036,114.5566,-598.1981
59.70236,187.1858,114.6311,-597.9712
59.71216,187.411,114.557,-598.1938
59.72199,187.6362,114.8559,-597.7403
59.73181,187.6377,115.1561,-597.8141
59.74164,187.7871,114.9317,-597.9632
59.75147,187.8596,114.2574,-598.1897
59.76126,187.7112,114.6321,-598.1152
59.77109,187.7861,114.7067,-597.964
59.78092,187.6363,114.6322,-598.191
59.79074,187.9347,114.4068,-597.9633
59.80057,188.0097,114.0339,-598.6388
59.81036,187.4869,114.9312,-597.8917
59.82019,187.7119,114.9314,-597.889
59.83002,187.9365,114.7073,-598.1123
59.83985,188.0844,114.332,-597.9619
59.84964,187.858,114.0318,-597.9655
59.85947,187.8567,114.0302,-597.4406
59.8693,188.0804,114.1034,-596.7628
59.87912,188.1552,114.0287,-596.8372
59.88895,188.3038,113.8034,-596.6862
59.89877,188.0784,113.8772,-596.3886
59.90857,188.1534,114.2503,-595.7114
59.9184,188.5257,113.7252,-595.559
59.92822,188.3025,114.1748,-595.485
59.93805,188.9766,113.8013,-595.7785
59.94785,188.7501,113.6502,-595.4816
59.95767,189.0516,114.0998,-595.2516
59.9675,189.799,113.2769,-595.6959
59.97733,189.4267,114.2495,-595.0217
59.98715,189.501,114.0996,-595.0214
59.99695,189.5759,113.8758,-595.3964
60.00678,190.101,114.0256,-595.1647
60.0166,190.3253,114.0249,-594.8622
60.02643,189.8768,114.3247,-594.9413
60.03626,190.4762,113.9516,-595.3857
60.04605,190.4785,114.0289,-596.1355
60.05588,190.3308,114.6283,-595.985
60.06571,190.1841,115.2288,-596.2096
60.07553,190.3343,114.7817,-597.1094
60.08536,190.2591,114.7814,-597.0353
60.09515,190.1102,114.8571,-597.3368
60.10498,190.186,115.1565,-597.1099
60.11481,190.2615,115.2318,-597.1837
60.12464,190.1142,115.9062,-597.033
60.13446,190.337,115.3071,-597.2576
60.14426,189.8893,116.0553,-596.8101
60.15409,190.4865,115.3066,-597.0308
60.16391,190.2623,115.5311,-596.9577
60.17374,190.9357,115.53,-596.3499
60.18356,190.8596,115.2301,-596.4268
60.19336,190.7832,115.3776,-595.6022
60.20319,191.0825,115.2279,-595.5993
60.21301,190.7804,115.0758,-595.0033
60.22284,190.8542,115.149,-594.4022
60.23267,190.7802,115.374,-594.4022
60.24246,191.1507,114.3246,-594.4767
60.25229,191.2246,114.2487,-594.1761
60.26212,191.3725,113.948,-593.8754
60.27191,191.749,114.4725,-593.5693
60.28174,191.373,114.2471,-593.5744
60.29157,191.5983,114.546,-593.1207
60.30136,191.5233,114.3968,-593.4221
60.31119,191.749,114.6216,-593.2687
60.32099,191.8223,114.1721,-593.4194
60.33081,191.6008,114.9966,-593.3441
60.34061,192.1251,114.6233,-593.7144
60.35044,192.1261,114.4753,-594.3899
60.36026,192.1231,114.0242,-594.0165
60.37006,192.6502,114.4747,-594.0089
60.37988,192.5749,114.2505,-594.3106
60.38971,192.4987,114.3236,-593.7111
60.39954,192.3505,114.5494,-594.0121
60.40933,192.3504,114.6985,-593.7115
60.41916,191.9757,114.8477,-593.5654
60.42899,192.4237,114.3236,-593.712
60.43881,193.0991,114.3992,-593.704
60.44861,192.6494,114.4738,-593.7089
60.45844,192.5762,114.9235,-593.6331
60.46826,193.098,114.3233,-593.4042
60.47809,192.5735,114.398,-593.485
60.48792,193.2478,114.2487,-593.4778
60.49774,192.8746,114.4742,-593.7813
60.50757,193.0993,114.6979,-593.2529
60.51737,192.5003,114.8477,-593.4093
60.52719,192.35,115.1456,-592.735
60.53702,193.0251,114.9225,-593.178
60.54685,192.8744,114.7724,-593.1803
60.55667,193.0256,114.9978,-593.2527
60.5665,192.6512,115.0726,-593.3318
60.57633,192.8011,114.6998,-594.0063
60.58612,192.7992,114.7721,-593.1061
60.59595,193.025,114.7732,-593.4035
60.60577,192.7254,115.0718,-593.0309
60.6156,192.2773,115.6705,-592.734
60.62543,192.1244,115.1447,-592.5126
60.63525,192.9485,115.0698,-592.2784
60.64508,192.7227,114.8448,-592.3568
60.65491,192.7975,115.2176,-591.6046
60.66471,192.5724,115.0681,-591.8327
60.67454,192.6477,115.2177,-591.6813
60.68434,192.6481,115.1436,-591.9816
60.69416,192.4242,115.5922,-591.6075
60.70396,192.5755,115.594,-592.1308
60.71379,192.3515,115.8187,-592.1326
60.72358,191.8259,115.5937,-592.2894
60.73341,192.2767,115.5205,-592.7346
60.74321,192.0529,116.1185,-592.135
60.75303,191.9756,115.4443,-592.4383
60.76286,192.2008,115.4447,-592.5107
60.77265,192.2745,115.3687,-592.1351
60.78248,192.1256,115.3699,-592.5868
60.79231,192.1257,115.5938,-592.211
60.80213,191.9768,115.595,-592.6627
60.81196,192.1279,115.7456,-592.8105
60.82176,191.9772,115.5954,-592.8127
60.83158,191.6781,115.6708,-593.0409
60.84141,191.9048,116.046,-593.037
60.85124,192.2027,115.3724,-593.4109
60.86106,191.6801,116.1208,-593.0393
60.87089,191.9779,115.3724,-593.4885
60.88072,191.9042,115.8215,-593.1877
60.89051,192.1279,115.7456,-592.8105
60.90034,191.9024,115.5956,-592.8886
60.91017,191.7522,115.9682,-592.139
60.91999,190.5538,116.2672,-592.2267
60.92982,191.7532,115.8947,-592.6642
60.93965,191.9769,115.8188,-592.2869
60.94947,192.278,115.8205,-592.7335
60.9593,191.9771,115.7445,-592.5121
60.96913,191.5257,115.6677,-592.0677
60.97895,192.1247,115.3687,-592.2118
60.98878,191.8236,115.3671,-591.7653
60.99861,191.449,115.5911,-591.5438
61.00843,191.3734,115.6649,-591.1694
61.01826,191.5978,115.6644,-590.9419
61.02809,190.4753,116.3377,-590.7274
61.03791,191.5977,115.5896,-591.0171
61.04774,190.9226,115.5142,-591.1001
61.05757,191.1486,116.0379,-590.5707
61.06739,190.9971,115.3645,-591.1748
61.07722,190.3238,116.0373,-590.6552
61.08705,190.9233,115.8135,-590.8741
61.09687,190.7732,115.4402,-591.4771
61.1067,190.6991,115.5904,-591.5524
61.11653,189.9505,116.0389,-591.3345
61.12635,190.3261,116.04,-591.5551
61.13615,189.7277,116.9365,-590.5839
61.14598,189.8764,115.8161,-592.0861
61.1558,189.8775,116.265,-591.7095
61.16563,189.7265,115.9653,-591.8622
61.17546,189.8773,116.2648,-591.6345
61.18528,189.6509,116.1136,-591.3377
61.19511,189.7273,116.2646,-591.6362
61.20491,189.8008,116.2629,-591.0354
61.21473,189.2769,116.7113,-590.6649
61.22456,189.0507,116.7097,-590.2175
61.23438,188.8264,116.8595,-590.2195
61.24418,188.4508,117.0075,-589.6984
61.25401,188.8228,116.1838,-589.9969
61.26383,188.4494,116.4837,-590.0751
61.27366,189.0488,116.4836,-589.8433
61.28346,188.5991,116.3343,-590.224
61.29328,188.6,116.6338,-590.0729
61.30311,188.2256,116.7087,-590.1519
61.31294,188.1504,116.41,-590.6039
61.32276,187.9263,116.7838,-590.3051
61.33256,187.627,116.9335,-590.308
61.34239,187.6283,116.9351,-590.833
61.35221,187.8535,116.9356,-590.9055
61.36204,187.854,117.0108,-590.9802
61.37184,188.0032,116.7116,-591.2045
61.38166,187.5545,116.7873,-591.5844
61.39149,187.6312,117.1624,-591.5822
61.40132,188.231,116.7152,-592.3268
61.41114,187.4843,117.7627,-591.7318
61.42097,187.858,117.2394,-592.1793
61.43077,187.4835,117.3888,-592.1082
61.44059,187.9338,117.1658,-592.6287
61.45042,187.9352,117.3167,-592.9282
61.46025,188.2331,117.0907,-592.4756
61.47004,188.2335,117.0166,-592.7758
61.47987,188.5327,116.7175,-592.9984
61.4897,188.4585,116.9422,-592.9235
61.49952,188.0828,116.6425,-593.1538
61.50935,188.0097,117.3161,-592.7023
61.51915,187.036,117.3913,-593.0883
61.52897,187.7112,117.616,-592.7797
61.5388,188.0848,117.1671,-593.002
61.54862,188.0862,117.2434,-593.4517
61.55845,187.6356,117.3914,-592.9313
61.56825,188.0841,116.9426,-593.1528
61.57807,187.3364,117.6159,-592.8591
61.5879,187.935,117.1672,-593.0787
61.59773,187.5598,117.0175,-593.3085
61.60755,187.5602,117.4655,-592.632
61.61738,187.0353,117.5397,-592.5627
61.62718,186.7363,118.1374,-591.889
61.637,187.2578,117.2386,-592.1113
61.64683,187.3333,117.09,-592.5609
61.65666,187.3333,117.1646,-592.4106
61.66649,186.9578,117.089,-592.3402
61.67629,186.7329,117.462,-591.7415
61.68612,186.9585,117.3883,-592.1142
61.69594,186.8076,116.9395,-592.5674
61.70577,186.8061,116.9377,-591.9675
61.71557,186.3604,117.8375,-592.0444
61.72539,186.1342,117.8359,-591.597
61.73522,185.9103,117.6877,-592.2751
61.74504,185.9103,117.6132,-592.4254
61.75487,186.3582,117.3127,-592.1213
61.76467,186.2086,117.2385,-592.4233
61.77449,186.0588,117.6115,-591.8237
61.78432,185.8344,117.3136,-592.5773
61.79412,185.8356,117.8372,-592.1255
61.80394,185.9115,117.8384,-592.4996
61.81377,185.8355,117.6879,-592.351
61.8236,185.4628,118.2125,-592.3535
61.83339,185.3878,118.287,-592.204
61.84322,185.612,117.9879,-592.4276
61.85305,185.6859,117.6882,-592.5027
61.86287,185.8365,117.6145,-592.8763
61.8727,185.8362,117.8379,-592.3505
61.8825,185.6889,118.3632,-592.5004
61.89232,185.6875,118.1377,-592.3511
61.90215,185.3871,118.137,-592.2046
61.91198,185.1624,118.0625,-592.4324
61.9218,185.2384,118.213,-592.5811
61.93163,184.7901,118.6621,-592.4346
61.94143,184.7152,118.7368,-592.3602
61.95125,185.0135,117.9891,-593.0344
61.96108,184.4915,118.8873,-592.5873
61.97091,184.4908,118.4388,-593.1139
61.9807,184.5646,118.1391,-593.189
61.99053,184.7159,118.5138,-593.036
62.00032,184.1887,118.0631,-592.9686
62.01015,183.8126,118.3598,-591.9969
62.01998,184.1142,118.5112,-592.3679
62.02981,183.7396,118.5858,-592.3719
62.0396,183.738,118.2856,-592.298
62.04943,183.5903,118.3627,-593.0495
62.05925,183.3646,118.138,-593.2028
62.06908,183.4417,118.5135,-593.3506
62.07888,183.5164,118.0656,-594.0264
62.0887,183.294,118.5161,-594.2524
62.09853,183.0707,118.8163,-594.4039
62.10836,182.548,119.0423,-594.934
62.11818,183.0715,118.5935,-595.1547
62.12798,182.3991,119.4911,-594.5593
62.13781,182.4748,119.1936,-595.3844
62.14763,183.0011,119.2703,-595.7531
62.15746,182.6248,119.1938,-595.3827
62.16726,182.6249,119.1192,-595.533
62.17708,181.9516,119.4936,-595.5394
62.18691,182.4747,118.8204,-595.9857
62.19674,182.4766,119.1211,-596.2097
62.20656,182.4763,118.897,-596.5104
62.21636,182.4773,119.122,-596.5096
62.22618,182.6292,119.5719,-596.4313
62.23601,182.7779,119.123,-596.7311
62.24584,183.0029,119.1232,-596.7285
62.25567,182.7791,119.5721,-596.4296
62.26546,182.7777,119.1227,-596.6562
62.27529,182.9279,119.1231,-596.7294
62.28512,182.7762,118.8225,-596.5822
62.29494,182.7012,118.8224,-596.5831
62.30477,183.1504,118.5236,-596.804
62.31456,182.4035,119.4217,-596.4344
62.32439,182.626,119.046,-596.1332
62.33422,183.2252,118.5234,-596.7281
62.34404,182.3276,119.346,-596.2106
62.35387,183.077,118.8985,-596.8035
62.36367,183.003,119.198,-596.6533
62.37349,183.2262,118.7484,-596.7273
62.38332,183.0775,119.0483,-596.728
62.39315,183.0029,119.0486,-596.8788
62.40297,183.0028,119.2723,-596.428
62.41277,182.9278,119.2722,-596.4289
62.4226,183.3008,119.0464,-596.0504
62.43242,182.7779,119.4214,-596.2051
62.44225,183.3018,119.1221,-596.2751
62.45205,183.6027,119.1235,-596.6467
62.46187,184.0512,118.7492,-596.7178
62.47167,184.2021,119.0489,-596.565
62.48149,183.6026,119.2726,-596.3461
62.49129,183.9028,119.2731,-596.4177
62.50112,184.5022,118.8255,-597.0124
62.51091,184.2037,119.6475,-596.113
62.52074,184.2787,119.2746,-596.7883
62.53057,184.7289,119.2753,-596.8582
62.54036,184.3554,119.3513,-597.3123
62.55019,184.806,119.2778,-597.6823
62.56002,184.8051,119.1276,-597.6078
62.56981,185.1799,119.1278,-597.5285
62.57964,185.6299,118.8298,-598.0494
62.58947,185.8571,119.5041,-597.7444
62.59926,185.3325,119.4295,-598.0507
62.60909,185.632,119.3546,-597.9725
62.61892,185.6316,119.1302,-598.1983
62.62874,185.4842,119.5062,-598.5737
62.63854,186.0862,119.8822,-598.7155
62.64836,186.161,119.5836,-599.1656
62.65816,186.6862,119.3605,-599.6104
62.66798,186.9126,119.4371,-600.0575
62.6778,186.6892,120.0355,-599.608
62.6876,187.2908,119.8142,-600.6519
62.69742,186.9911,119.9635,-600.5048
62.70722,187.6674,120.0403,-600.8717
62.71705,187.0676,119.9654,-601.1039
62.72684,187.2919,120.114,-600.5758
62.73667,186.9933,120.0408,-601.2545
62.7465,187.8944,120.043,-601.6941
62.75632,187.7444,120.1174,-601.5455
62.76615,187.52,120.0433,-601.9234
62.77595,188.3456,120.0448,-602.1389
62.78577,187.6706,120.0441,-602.1467
62.7956,188.4204,119.8955,-602.3636
62.80543,189.2485,120.4222,-602.6522
62.81522,188.7989,120.4968,-602.657
62.82505,189.3252,120.7973,-602.65
62.83488,190.1483,120.1244,-603.0929
62.8447,189.4753,120.9467,-602.4227
62.85453,190.7492,120.2007,-603.3107
62.86433,190.45,120.4997,-603.0881
62.87415,191.276,120.7255,-603.0778
62.88398,191.4261,120.502,-603.5269
62.89377,191.427,120.8761,-603.2256
62.9036,192.3999,120.5016,-603.0657
62.91343,192.4757,120.801,-602.8387
62.92325,193.2991,120.2777,-603.1311
62.93305,193.3002,120.652,-602.9048
62.94288,193.8238,120.5016,-602.5992
62.95267,194.7233,120.2782,-602.8148
62.9625,194.6459,119.8277,-602.6672
62.97233,195.3201,119.8274,-602.3594
62.98212,195.2453,119.9021,-602.2851
62.99195,195.7701,120.2008,-601.678
63.00178,196.2936,119.752,-601.8985
63.01157,196.2206,120.6494,-601.0712
63.0214,197.0454,120.277,-601.6631
63.03123,197.0463,120.3527,-601.8878
63.04102,197.3434,120.0512,-601.2854
63.05085,198.1673,119.4538,-601.8781
63.06068,197.5684,120.0514,-601.2828
63.07047,198.6907,119.5271,-601.1217
63.0803,198.9905,119.5271,-601.0433
63.09009,199.2892,119.3767,-600.8154
63.09992,199.2124,119.2253,-600.3668
63.10975,199.511,119.1492,-599.9136
63.11954,200.1122,119.5989,-599.6051
63.12937,200.4861,119.225,-599.8271
63.1392,200.7125,119.3761,-600.124
63.14899,200.7888,119.5268,-600.3476
63.15882,200.79,119.603,-600.7223
63.16862,201.3905,119.6788,-600.7902
63.17841,201.3183,119.8312,-601.6155
63.18824,202.0677,119.4582,-602.0582
63.19803,201.7709,120.2077,-601.9839
63.20783,201.9207,120.2822,-601.757
63.21766,201.9194,120.2061,-601.3822
63.22745,201.3967,121.1781,-600.5599
63.23728,202.4442,120.2809,-601.1509
63.24708,202.3694,120.2065,-601.377
63.2569,202.369,120.206,-601.2271
63.26673,202.595,120.1328,-601.7497
63.27653,202.7437,120.0569,-601.3732
63.28635,202.8939,119.9827,-601.5968
63.29618,202.6697,119.9088,-602.0497
63.30597,203.1957,120.1343,-602.0428
63.3158,202.8228,120.7333,-601.82
63.32563,202.822,120.8815,-601.2195
63.33542,203.4192,120.0582,-601.5905
63.34525,203.7948,120.0592,-601.8112
63.35508,203.7199,120.283,-601.4363
63.36487,203.8686,120.1325,-601.2101
63.3747,203.8709,120.8811,-600.7574
63.38453,204.0176,119.9076,-601.2092
63.39435,204.2459,120.8069,-600.9034
63.40415,204.6188,120.4319,-600.7504
63.41398,204.8428,120.5055,-600.2225
63.4238,205.0681,120.6553,-600.0695
63.43363,205.1446,121.1047,-599.842
63.44343,205.4426,120.9534,-599.3141
63.45325,205.9652,120.4289,-599.3099
63.46308,205.8892,120.2038,-599.3116
63.47291,206.4148,120.8018,-598.4785
63.4827,206.0369,120.2758,-598.2596
63.49253,206.4873,120.2767,-598.4045
63.50236,206.8607,120.2753,-597.8002
63.51215,206.7106,120.2749,-597.7269
63.52198,206.7839,120.2729,-597.0511
63.53181,206.9343,120.4974,-596.8235
63.5416,206.933,120.4958,-596.2986
63.55143,207.0807,119.8964,-596.4489
63.56122,206.9306,120.1199,-595.9999
63.57105,207.604,119.8949,-595.7679
63.58088,207.7544,120.0448,-595.6907
63.59067,207.9031,120.0434,-595.164
63.6005,207.4519,119.8177,-595.095
63.61033,207.6016,120.4143,-593.8912
63.62012,207.2995,119.7401,-594.272
63.62995,207.5248,119.8899,-594.1189
63.63978,207.7489,119.889,-593.7413
63.64957,207.5231,119.5894,-593.97
63.6594,207.8232,119.739,-593.741
63.66923,208.1245,120.0393,-593.7365
63.67903,208.1229,119.5898,-593.8881
63.68886,208.274,120.0388,-593.5097
63.69868,207.7483,119.8883,-593.5163
63.70848,207.7491,120.1876,-593.2903
63.71831,208.2723,119.8877,-593.1353
63.72813,207.3733,120.2609,-592.8444
63.73793,207.7475,120.2604,-592.54
63.74776,207.2956,119.6608,-592.8474
63.75758,207.8226,120.4098,-592.3136
63.76741,207.8212,119.8113,-592.8408
63.77724,207.4465,120.3335,-592.0182
63.78706,208.1944,119.8094,-592.0865
63.79686,207.6684,119.5839,-592.0933
63.80669,208.1186,119.8085,-591.7874
63.81651,207.819,120.0325,-591.5649
63.82631,208.1192,120.4805,-590.8099
63.83614,208.3409,119.6562,-590.9603
63.84596,208.6419,119.8069,-591.1064
63.85579,208.6419,120.1054,-590.5803
63.86558,208.5658,119.8055,-590.6572
63.87541,207.9659,120.0288,-590.2883
63.88524,208.64,119.8792,-590.2061
63.89503,208.64,119.8792,-590.2061
63.90486,209.0124,119.429,-589.9784
63.91469,209.0144,119.9535,-589.8265
63.92451,208.9394,120.3264,-589.1511
63.93434,208.7141,120.4005,-588.9284
63.94417,209.1628,120.1009,-588.9243
63.95399,209.463,120.0269,-589.1461
63.96379,209.614,120.3266,-588.9933
63.97362,209.7618,120.0258,-588.6927
63.98344,209.612,120.0259,-588.7694
63.99327,209.7616,120.1747,-588.3171
64.00307,209.987,120.4738,-587.9385
64.01289,209.9092,120.0228,-587.641
64.02272,209.9102,120.6954,-586.8136
64.03255,209.3095,120.9177,-586.1448
64.04234,209.9072,120.6172,-585.764
64.05217,210.2798,120.018,-585.9117
64.062,209.4547,120.4645,-585.0197
64.07182,210.2775,120.239,-584.561
64.08162,210.4269,119.94,-584.8604
64.09145,209.8271,120.611,-583.7399
64.10127,210.5,120.0124,-583.9592
64.1111,209.9784,121.3587,-582.9105
64.1209,210.1998,120.6087,-582.8356
64.13072,209.7522,121.5062,-582.1625
64.14055,210.5742,120.9814,-581.93
64.15037,210.722,120.3074,-582.2306
64.16017,210.7219,120.7549,-581.4041
64.17,210.871,120.6794,-581.1776
64.17982,211.0207,120.903,-580.6501
64.18962,210.7948,120.8271,-580.428
64.19945,210.793,120.6012,-580.1288
64.20927,210.1925,120.8983,-579.3847
64.2191,210.4917,121.0468,-578.7807
64.2289,210.7157,121.1205,-578.2529
64.23872,210.7901,120.8214,-578.5531
64.24855,210.8642,120.6713,-578.4777
64.25838,210.4906,121.3439,-577.8047
64.26817,211.239,121.119,-577.5719
64.278,210.563,121.1172,-577.2047
64.28783,211.3841,120.2928,-577.1231
64.29762,210.5605,120.6665,-576.9813
64.30745,210.8593,120.74,-576.3776
64.31728,210.5566,120.4381,-575.8571
64.3271,210.0355,121.6358,-575.2589
64.3369,210.6305,120.4369,-575.4062
64.34672,210.5558,120.5118,-575.4069
64.35655,210.4034,120.2103,-574.9597
64.36638,210.1787,120.2105,-575.1122
64.37621,210.2534,120.434,-574.5856
64.386,210.0268,120.3572,-574.0635
64.39583,210.2502,120.1318,-573.8367
64.40566,209.7994,120.205,-573.3916
64.41548,209.4994,120.6522,-572.5685
64.42528,209.1228,120.65,-571.9729
64.4351,209.0463,120.3497,-571.8998
64.44493,208.4469,120.6483,-571.6057
64.45476,208.5952,120.3479,-571.455
64.46455,208.294,120.197,-571.2339
64.47438,207.9175,120.1948,-570.6383
64.48421,207.4659,119.7448,-570.7951
64.494,206.791,120.1174,-570.2015
64.50383,206.9393,119.7425,-570.2011
64.51366,206.6385,119.592,-570.1301
64.52348,206.4126,119.5907,-569.7577
64.53328,206.1136,120.1138,-569.2343
64.54311,205.8858,119.6627,-568.9385
64.55293,205.8841,119.7352,-568.1133
64.56273,205.66,119.5123,-568.8666
64.57256,205.2824,119.3597,-568.1215
64.58238,205.2079,119.4348,-568.1971
64.59221,204.9821,119.2844,-568.1252
64.60201,204.682,119.5077,-567.6779
64.61183,204.1594,119.9577,-567.8324
64.62166,204.6074,119.4335,-567.979
64.63148,203.9323,119.582,-567.6863
64.64131,203.8571,119.4324,-567.8377
64.65111,204.0792,118.6833,-568.0627
64.66093,203.4053,119.2806,-567.3934
64.67077,203.4034,118.8308,-567.47
64.68057,202.8044,118.8314,-567.8519
64.6904,203.2515,118.53,-567.2477
64.70022,202.9515,118.5297,-567.2512
64.71002,202.5769,118.9773,-566.5789
64.71984,202.4997,118.6763,-566.2809
64.72964,202.2725,118.002,-566.5859
64.73947,202.1958,117.9999,-565.9118
64.74929,202.0452,117.7752,-566.0643
64.75909,201.8185,117.6239,-565.6924
64.76892,201.5908,117.1728,-565.3966
64.77874,201.2143,117.0961,-564.9513
64.78857,201.064,117.0955,-564.803
64.7984,200.3891,117.2441,-564.5853
64.80819,200.686,116.9424,-563.9078
64.81802,200.4588,116.4174,-563.9872
64.82785,199.5602,117.0895,-563.3203
64.83767,199.8569,116.1162,-563.7703
64.84747,199.556,116.1147,-563.3988
64.8573,198.2058,116.1878,-563.189
64.86709,198.8051,116.0383,-563.1826
64.87692,198.2037,115.9614,-562.7399
64.88672,198.3534,116.185,-562.2123
64.89654,197.901,115.6596,-562.2194
64.90637,197.8996,115.5087,-561.9199
64.91617,196.8496,115.5822,-561.7817
64.92599,196.8476,115.3561,-561.4075
64.93582,196.771,115.2794,-560.8837
64.94561,196.169,114.7543,-561.0424
64.95544,195.8684,114.9024,-560.5204
64.96527,195.568,114.8271,-560.5241
64.97506,194.7424,115.0493,-559.8578
64.98489,194.9663,114.8991,-559.7058
64.99472,193.7675,115.4961,-559.1174
65.00454,193.989,114.6716,-559.1927
65.01434,193.1643,114.8203,-559.0518
65.02417,192.7132,114.8185,-558.607
65.03399,192.2624,114.8917,-558.1619
65.04379,191.2863,114.964,-557.5729
65.05362,190.5357,114.6642,-557.8826
65.06344,190.6861,114.5902,-558.1811
65.07327,190.084,114.2888,-557.889
65.08307,189.1099,114.438,-557.9747
65.09289,188.4346,114.4369,-557.8325
65.10272,187.5345,114.5852,-557.5423
65.11252,187.8337,114.5845,-557.239
65.12234,187.1582,114.8071,-556.6459
65.13217,186.4085,115.105,-556.2034
65.14196,186.1827,115.253,-555.6056
65.15179,185.9575,115.2525,-555.5331
65.16159,185.0597,116.0003,-555.0908
65.17141,185.4318,115.1766,-555.3895
65.18121,184.7581,115.476,-555.3962
65.19104,184.3842,115.7006,-555.3997
65.20086,183.7826,115.3998,-555.3326
65.21066,182.7347,116.1472,-554.817
65.22049,182.4341,115.9223,-554.9713
65.23031,181.9097,115.9225,-555.2023
65.24014,181.3829,115.6216,-555.0594
65.24993,180.6343,115.6224,-555.5931
65.25976,179.883,115.1726,-555.9033
65.26959,179.5099,115.5475,-555.9813
65.27938,178.8345,115.024,-556.7408
65.28921,178.2367,115.4737,-556.8212
65.29904,177.3371,115.3987,-557.1318
65.30883,177.0371,115.473,-556.985
65.31866,176.2886,115.7725,-557.0675
65.32849,175.0883,115.7709,-556.9313
65.33828,175.1651,115.9223,-557.3799
65.34811,174.8657,115.8481,-557.7586
65.35794,174.3403,115.8472,-557.6146
65.36773,174.1152,115.3992,-558.3688
65.37756,173.2177,116.0727,-558.1518
65.38739,172.917,115.6985,-558.5316
65.39718,172.5427,115.6991,-558.8359
65.40701,172.1697,115.9248,-559.2144
65.41684,171.4963,116.4483,-558.9203
65.42663,170.9698,116.1475,-558.8524
65.43646,170.7483,116.5991,-559.4533
65.44628,170.898,116.2258,-559.9779
65.45608,170.1501,116.526,-560.2855
65.46591,169.625,116.3762,-560.517
65.47573,169.1757,116.4512,-560.6719
65.48553,168.952,116.4525,-561.1995
65.49533,168.6535,116.6032,-561.5024
65.50515,168.5777,116.3783,-561.5791
65.51498,167.9788,116.3791,-562.0359
65.52478,167.6802,116.6042,-562.1886
65.5346,167.607,116.7555,-562.6389
65.54443,166.858,117.0544,-562.4965
65.55423,167.3073,116.2334,-563.6942
65.56405,166.2601,117.0562,-563.3284
65.57388,165.5107,116.9071,-563.8625
65.58368,166.3356,116.3856,-564.7548
65.5935,166.1111,116.6097,-564.5316
65.60333,166.0376,116.8353,-564.7567
65.61316,165.8113,116.1621,-565.4366
65.62295,165.5137,116.7614,-565.288
65.63278,165.1376,116.3867,-565.5186
65.6426,165.1381,116.0144,-566.4199
65.65243,165.3659,116.7639,-566.1896
65.66223,164.8409,116.1666,-567.2478
65.67207,164.9903,116.166,-567.021
65.6819,164.4678,116.4669,-567.476
65.69169,164.6183,116.2439,-568.0751
65.70152,164.466,115.5696,-568.3792
65.71135,163.5693,116.4678,-568.0863
65.72117,164.1698,116.1707,-568.8304
65.73097,164.0951,115.7233,-569.7329
65.74079,164.0215,116.2471,-569.3569
65.75062,163.7963,115.6498,-570.3365
65.76045,163.4245,116.3247,-570.4135
65.77024,163.4996,116.0265,-571.0137
65.78007,163.3508,115.5802,-572.2919
65.7899,163.3512,115.7298,-572.1415
65.79973,163.3517,115.432,-572.8925
65.80952,162.9789,115.8073,-573.1205
65.81935,163.129,115.7329,-573.269
65.82917,163.0546,115.659,-573.6451
65.83897,163.1302,115.5852,-574.0195
65.8488,163.2811,115.5865,-574.3928
65.85862,162.9818,115.7362,-574.3957
65.86842,163.5818,115.7367,-574.3888
65.87825,163.1323,115.5131,-574.9947
65.88807,163.7322,115.3644,-575.2133
65.8979,163.9577,115.1414,-575.8115
65.9077,164.0341,115.2178,-576.2604
65.91752,164.1093,115.2181,-576.3345
65.92735,163.5106,115.3682,-576.5659
65.93714,163.9617,115.2954,-577.1609
65.94697,163.9608,114.9959,-577.312
65.9568,164.4875,115.2968,-577.4549
65.96662,164.5633,115.5217,-577.3782
65.97642,164.5625,115.2969,-577.454
65.98625,164.7875,115.2971,-577.4514
65.99607,165.2364,114.8487,-577.8229
66.0059,165.2375,115.2976,-577.4462
66.01573,165.1635,115.5225,-577.4463
66.02552,165.3141,115.4488,-577.8198
66.03535,165.1648,115.5986,-577.821
66.04518,165.6142,115.2254,-578.2672
66.05497,166.289,115.1513,-578.3347
66.06477,166.0656,115.4513,-578.4112
66.0746,166.5887,115.002,-578.4818
66.08439,166.6642,114.8535,-578.9314
66.09419,166.5177,115.6781,-578.8552
66.10402,167.1911,115.0801,-579.2996
66.11381,167.4159,115.1546,-579.0717
66.12364,167.7911,115.0061,-579.4429
66.13347,168.4667,114.9329,-579.8104
66.14326,168.5418,114.8584,-579.9598
66.15309,168.7681,115.1586,-579.9562
66.16291,169.0684,115.3085,-579.8021
66.17271,169.3683,115.0849,-580.1745
66.18254,169.5182,115.0103,-580.248
66.19233,169.8187,115.3842,-579.7933
66.20213,169.8174,115.3081,-579.4185
66.21196,169.5953,115.9081,-579.494
66.22175,170.1946,115.7587,-579.4876
66.23158,170.4196,115.8334,-579.3348
66.24141,171.0195,115.9831,-579.0274
66.25123,171.8413,114.8611,-579.7719
66.26103,171.4685,115.7585,-579.023
66.27086,172.2173,115.4595,-579.0905
66.28065,172.2926,115.6837,-578.7888
66.29048,172.7393,115.3819,-578.0347
66.3003,172.8167,115.9069,-578.032
66.3101,172.965,116.2034,-576.8292
66.31993,173.4902,116.1296,-577.0485
66.32975,173.64,116.428,-576.4457
66.33955,173.9401,116.3537,-576.5925
66.34938,173.715,116.2042,-576.8206
66.3592,173.8658,116.4291,-576.743
66.36903,174.3907,116.5041,-576.5867
66.37883,174.7644,116.2045,-576.5835
66.38865,174.8391,116.2789,-576.3574
66.39848,175.1387,115.9803,-576.73
66.40831,175.5154,116.3557,-576.7244
66.4181,175.5166,116.5064,-576.9488
66.42793,175.3694,117.1062,-576.9484
66.43776,176.3424,116.1351,-577.9156
66.44758,175.8942,116.286,-578.3702
66.45738,175.1458,116.5855,-578.4528
66.46721,176.1199,116.1378,-578.8932
66.47703,176.3468,116.6626,-578.7388
66.48683,176.1967,116.5131,-578.966
66.49665,176.1974,116.6631,-578.9655
66.50648,176.496,116.5125,-578.6625
66.51631,175.7479,117.1108,-578.3691
66.5261,175.597,117.1096,-577.9958
66.53593,175.9716,117.0349,-577.9918
66.54576,176.0479,117.1111,-578.3656
66.55558,175.8965,116.9601,-578.0678
66.56538,175.6736,117.0369,-578.7452
66.57521,175.7477,117.1106,-578.2941
66.58503,176.4978,116.8877,-578.7362
66.59483,175.8998,117.4117,-578.5912
66.60466,176.6478,116.664,-579.1103
66.61445,176.2752,117.487,-578.5867
66.62428,176.874,117.1133,-578.8061
66.63407,177.0244,117.1139,-578.9543
66.6439,176.9492,117.4866,-578.2039
66.6537,176.2743,117.3368,-578.5122
66.66349,177.6214,116.6633,-578.5741
66.67333,177.8469,117.1118,-577.9699
66.68316,177.5482,117.5606,-577.6718
66.69298,178.2971,117.1124,-578.0397
66.70278,178.2964,117.3354,-577.364
66.71261,178.4462,117.3353,-577.2872
66.72243,178.6712,117.7085,-576.6083
66.73223,178.6721,117.7842,-576.8331
66.74206,178.8952,117.4837,-576.6065
66.75188,178.82,117.4834,-576.5323
66.76171,179.1931,117.1086,-576.4545
66.77151,179.567,117.1821,-575.8499
66.78133,179.3442,117.5576,-576.0762
66.79116,179.6441,117.707,-575.7722
66.80099,179.9438,117.4832,-576.0695
66.81078,179.5695,118.0803,-575.2467
66.82061,179.4962,118.0823,-575.9225
66.83044,179.6455,118.007,-575.7711
66.84026,179.5702,118.2303,-575.2462
66.85006,179.6458,118.1565,-575.6206
66.85989,179.6435,117.7063,-575.5472
66.86968,179.645,118.2301,-575.1703
66.87951,179.7949,118.081,-575.3941
66.88933,179.5695,118.0058,-575.3969
66.89916,179.5704,118.156,-575.4714
66.90896,179.571,118.3805,-575.3207
66.91878,179.3478,118.6062,-575.6224
66.92861,179.2739,118.6075,-576.0733
66.93841,179.7239,118.6079,-576.0681
66.94823,179.4988,118.4584,-576.2961
66.95803,179.5739,118.6078,-576.0699
66.96786,179.6466,117.9338,-576.3713
66.97765,178.6744,118.8312,-575.8544
66.98745,179.1221,118.2321,-576.0013
66.99728,179.0488,118.8309,-575.6251
67.0071,179.1989,118.682,-575.9239
67.0169,178.6735,118.9794,-575.2538
67.02672,178.8237,119.0544,-575.1769
67.03655,179.0499,119.2798,-575.2485
67.04638,178.9,118.9814,-575.8513
67.05617,178.9003,118.9071,-576.0765
67.066,178.3766,118.8336,-576.7578
67.07583,178.6763,118.6844,-576.9048
67.08566,178.2259,118.4596,-577.1359
67.09545,178.6029,118.537,-577.8062
67.10528,178.7525,118.3874,-577.88
67.1151,177.9295,118.8366,-577.8879
67.12493,178.3043,118.7622,-577.9589
67.13473,178.4513,117.7889,-578.4856
67.14455,178.0033,118.5369,-577.9631
67.15438,178.4526,118.0889,-578.4845
67.16418,178.1545,118.3893,-578.7119
67.174,177.7035,118.3129,-578.4173
67.18383,178.5276,118.0144,-578.6339
67.19366,177.9299,118.837,-578.0378
67.20345,178.3771,118.312,-577.8846
67.21328,178.1545,118.8368,-577.8853
67.22311,178.3022,118.4613,-577.66
67.23293,178.2265,118.1619,-577.8868
67.24273,178.0016,118.311,-577.6639
67.25255,178.0017,118.3858,-577.5887
67.26235,178.1513,118.46,-577.2867
67.27218,178.1497,118.0105,-577.4383
67.28197,178.2254,118.0114,-577.7374
67.2918,178.0011,118.3851,-577.3636
67.30163,178.1498,118.0852,-577.363
67.31145,177.6269,118.7586,-576.9916
67.32125,177.9246,118.1593,-577.1404
67.33108,177.6253,118.5329,-576.7675
67.3409,177.7754,118.3094,-577.2166
67.35073,177.773,117.5605,-577.5942
67.36056,177.1008,118.7567,-576.5477
67.37035,177.7732,117.9337,-576.9929
67.38018,177.6974,117.5598,-577.3701
67.39001,177.4735,118.0085,-576.996
67.39983,177.6223,117.7834,-576.9201
67.40966,177.2476,118.0071,-576.6237
67.41946,177.3237,118.0085,-577.0728
67.42928,177.2461,117.6323,-576.7
67.43911,177.6211,117.6327,-576.6957
67.44894,177.6952,117.1841,-577.1464
67.45873,177.394,117.0332,-576.9254
67.46856,177.769,116.8844,-577.2216
67.47839,176.7196,116.8841,-577.4587
67.48818,177.6181,116.8086,-576.9986
67.49801,177.1691,116.8093,-577.3788
67.5078,177.0944,116.9588,-577.2291
67.51763,176.8682,116.6588,-577.3077
67.52743,175.9697,117.5548,-576.2649
67.53725,177.168,116.808,-576.9288
67.54705,177.3912,116.2838,-577.1531
67.55688,176.7934,116.808,-577.0831
67.56667,176.6428,116.7327,-577.0101
67.5765,176.7174,116.4339,-577.3853
67.58633,176.6423,115.9861,-578.1377
67.59612,176.4914,115.5373,-578.591
67.60595,176.7169,115.9111,-578.1371
67.61578,176.3406,115.5362,-578.2927
67.6256,176.0433,116.285,-577.9935
67.6354,176.1914,115.537,-578.5945
67.64523,176.6425,115.3149,-579.415
67.65505,176.4171,115.3142,-579.2676
67.66485,176.342,115.1648,-579.494
67.67468,176.4185,115.5397,-579.4168
67.68451,176.4162,114.4926,-580.3955
67.69434,175.8925,115.1651,-579.7242
67.70413,176.1187,115.0921,-580.3218
67.71396,175.3695,115.1668,-580.4802
67.72379,175.7446,115.1674,-580.5509
67.73361,175.5946,114.8688,-581.0786
67.74344,175.8174,114.4188,-581.0027
67.75324,175.9676,114.4192,-581.0759
67.76306,176.0424,114.0461,-581.6764
67.77289,175.7435,114.4201,-581.4535
67.78271,176.0434,113.9726,-582.2016
67.79251,175.8188,114.1967,-581.9785
67.80234,175.8939,114.0477,-582.2781
67.81216,175.5186,113.8978,-582.4329
67.82196,175.8917,113.5975,-582.2047
67.83179,175.5946,114.1229,-582.4313
67.84158,175.6681,113.8973,-582.2062
67.85141,176.267,113.2999,-582.8764
67.86121,175.6687,114.0473,-582.2057
67.87103,175.9657,113.298,-582.3549
67.88086,176.1169,113.2995,-582.8032
67.89065,175.8916,113.4482,-582.4302
67.90048,176.1155,113.0741,-582.6539
67.91031,175.9648,113.2224,-582.1302
67.92014,175.7408,113.2978,-582.3575
67.92993,175.9649,113.1478,-582.2805
67.93976,175.7391,112.7737,-582.6593
67.94959,175.9651,112.7005,-583.182
67.95941,175.6642,112.6245,-582.9607
67.96921,175.8875,112.3243,-582.8092
67.97903,175.9623,111.9512,-583.4096
67.98886,175.6636,112.4,-583.1115
67.99869,175.2868,111.8753,-583.3427
68.00851,175.3636,112.3997,-583.1149
68.01834,175.5102,111.6499,-583.1159
68.02817,174.7641,112.5489,-583.0463
68.03796,174.9876,112.1743,-583.1201
68.04779,174.8351,111.4999,-583.3492
68.05762,174.8354,111.9479,-582.6725
68.06744,174.6099,111.4994,-583.2768
68.07727,174.8339,111.7222,-582.4484
68.08707,174.6086,111.7963,-582.2258
68.09689,174.7572,111.2726,-582.6008
68.10672,174.8328,111.1988,-582.9752
68.11655,174.5337,111.3487,-583.0532
68.12637,174.1591,111.4233,-583.0572
68.13617,174.1601,111.4992,-583.3569
68.146,174.6843,110.529,-584.7794
68.15582,174.5347,110.5293,-584.931
68.16565,174.3111,110.68,-585.2331
68.17545,173.7888,111.3541,-585.0867
68.18527,173.414,111.4285,-585.0158
68.1951,173.4126,110.9046,-585.3926
68.2049,174.0851,110.5293,-585.0862
68.21472,173.3373,111.0534,-585.018
68.22455,173.5608,111.0518,-584.4154
68.23434,172.8109,111.2749,-584.0482
68.24417,172.5106,111.349,-583.8265
68.254,173.0362,110.9772,-584.7217
68.26379,172.8851,110.6027,-584.9498
68.27362,173.0356,110.6781,-585.0228
68.28345,172.5107,110.603,-585.1791
68.29327,172.9614,110.306,-585.9999
68.30307,172.6635,110.532,-586.4525
68.3129,172.5889,110.4578,-586.7537
68.32272,172.3672,111.0583,-586.9791
68.33255,171.6927,111.1329,-587.0616
68.34235,171.9186,110.6119,-588.3358
68.35217,172.3684,110.5376,-588.4059
68.362,172.0694,110.5384,-588.7843
68.3718,172.369,110.6128,-588.4807
68.38162,172.3688,110.6126,-588.4056
68.39142,171.8438,110.985,-587.7354
68.40121,171.9921,110.3118,-588.261
68.41104,171.766,110.8325,-586.9118
68.42087,171.9906,110.6084,-587.1349
68.43069,172.0638,110.4571,-586.6848
68.44049,172.5875,110.0085,-586.9803
68.45032,172.2864,110.0069,-586.5338
68.46014,172.5844,109.7065,-586.3063
68.46997,172.5837,109.631,-586.1566
68.4798,172.8094,109.4828,-586.6796
68.48959,172.8095,109.5576,-586.6043
68.49942,172.7335,109.631,-586.0799
68.50925,173.0342,109.4828,-586.602
68.51907,172.7344,109.7812,-586.1544
68.52887,172.8809,108.9566,-586.2306
68.5387,173.2543,108.6567,-586.1523
68.54852,173.1063,109.1811,-586.0021
68.55832,173.2575,109.4065,-586.0746
68.56815,173.5553,108.509,-586.8244
68.57797,172.8079,109.4065,-586.2298
68.5878,173.9303,108.5839,-586.6698
68.59759,173.3312,108.9575,-586.3754
68.60742,173.0289,108.4322,-586.3807
68.61725,173.704,108.5821,-586.1474
68.62704,173.7027,108.5806,-585.6224
68.63687,173.8511,108.728,-584.7202
68.6467,174.5234,108.0541,-584.8648
68.65653,174.5243,108.2043,-584.9393
68.66635,174.2964,107.8278,-584.4932
68.67618,174.8207,107.529,-584.7133
68.68598,174.7448,107.6771,-584.1135
68.6958,175.1936,107.2284,-584.41
68.70563,175.4174,107.3018,-583.8072
68.71543,174.9687,107.6759,-583.6611
68.72525,175.2681,107.6756,-583.4326
68.73508,175.4157,107.2998,-583.1322
68.74488,175.1937,107.9746,-583.1324
68.7547,175.9419,107.1526,-583.8767
68.76453,175.5667,107.0774,-583.9563
68.77435,175.8679,107.3775,-583.8768
68.78415,175.9419,106.705,-584.7032
68.79398,175.7211,107.6796,-584.6274
68.8038,176.1697,107.2307,-584.8488
68.8136,176.0941,107.23,-584.6246
68.82343,176.1689,107.0059,-584.9246
68.83325,175.9442,107.0062,-585.0771
68.84308,176.7671,106.3331,-585.4451
68.85288,176.8431,106.6327,-585.2932
68.8627,176.7688,106.7827,-585.2935
68.87253,177.4442,106.7092,-585.5859
68.88233,177.6698,106.4864,-586.2592
68.89215,177.5203,106.6361,-586.1853
68.90198,178.1202,106.4873,-586.4039
68.91181,177.0736,107.1618,-586.5637
68.9216,178.1214,106.7126,-586.4781
68.93143,177.523,106.9377,-586.7092
68.94126,177.8982,106.8637,-586.9302
68.95105,178.646,106.3396,-586.9985
68.96088,178.1981,107.0131,-586.6262
68.9707,178.2724,106.7138,-586.8514
68.98053,178.1955,106.264,-586.9289
68.99033,178.4222,106.5647,-587.0751
69.00015,178.2728,106.6397,-587.1516
69.00998,178.0471,106.7879,-586.6288
69.01981,178.198,106.9383,-586.7015
69.0296,177.9718,106.6383,-586.7802
69.03943,178.647,106.7137,-586.6971
69.04926,178.6466,106.2658,-587.3737
69.05908,178.7206,106.4884,-586.5471
69.06888,179.0968,106.341,-587.2932
69.07871,178.7954,106.1152,-587.1475
69.08853,179.2458,106.4146,-586.7662
69.09836,179.3196,106.1148,-586.8415
69.10816,179.3941,106.3381,-586.2399
69.11798,179.3949,106.4136,-586.3895
69.12781,179.3201,107.0106,-585.4133
69.13761,179.9935,106.1141,-586.3837
69.14743,179.7689,106.3382,-586.1605
69.15726,180.1428,106.3372,-585.7062
69.16709,180.1424,106.0384,-586.0823
69.17688,180.3679,106.4868,-585.4781
69.18671,180.6655,106.0366,-585.3263
69.19653,181.0386,105.7363,-585.098
69.20633,181.0397,106.0361,-585.022
69.21616,180.4406,106.1857,-585.1033
69.22598,180.3657,106.4095,-584.7284
69.23581,181.3405,106.0373,-585.3185
69.24561,181.1909,105.8885,-585.7707
69.25543,181.5681,106.3391,-585.8398
69.26523,181.4913,105.8892,-585.9172
69.27506,181.3432,106.5627,-585.4666
69.28485,182.0162,106.0388,-585.6107
69.29465,181.418,106.6371,-585.2405
69.30448,182.016,106.1132,-585.3855
69.31427,181.9415,106.4867,-584.935
69.3241,181.5648,106.2605,-584.6401
69.33389,182.0184,106.862,-585.0078
69.34372,182.2428,106.4886,-585.4565
69.35352,182.6918,106.3386,-585.3019
69.36334,182.5419,106.1148,-585.7544
69.37314,182.4712,107.2388,-585.4513
69.38297,182.6954,106.5667,-586.3511
69.39276,182.1719,107.0156,-586.1305
69.40259,182.5445,106.5655,-585.9778
69.41242,182.02,106.7893,-585.7581
69.42224,182.1704,107.0138,-585.5305
69.43204,182.2453,106.79,-585.9054
69.44187,181.8721,107.3139,-585.6829
69.45169,182.2462,106.8656,-586.1302
69.46152,181.572,107.2388,-585.7616
69.47135,182.0978,107.0912,-586.3561
69.48114,181.9507,107.2437,-587.2573
69.49097,182.6241,107.0932,-586.8751
69.50079,182.1745,106.7203,-587.7065
69.51059,181.9526,107.6935,-587.1806
69.52042,181.5792,107.7697,-587.7097
69.53024,182.0299,107.5472,-588.3803
69.54007,182.1808,107.6975,-588.4531
69.5499,182.3317,107.6988,-588.8263
69.55972,182.7065,107.4751,-589.1227
69.56952,181.8814,107.6234,-588.8317
69.57935,182.3319,107.4006,-589.4273
69.58914,182.7074,107.8492,-588.8214
69.59897,182.7823,107.6999,-589.0461
69.60877,182.8584,108.1489,-588.6686
69.61859,183.0069,107.9236,-588.5177
69.62839,182.484,108.6715,-587.9962
69.63822,182.7085,108.2981,-588.4449
69.64804,183.3073,107.9243,-588.6642
69.65787,183.3065,108.147,-587.9135
69.66767,183.3059,107.6989,-588.5151
69.67752,182.7069,108.3708,-587.6946
69.68734,183.7556,108.2957,-587.3078
69.69714,183.5288,107.7711,-587.5372
69.70697,183.1522,107.9181,-586.6411
69.71679,183.5296,108.3689,-586.7852
69.72662,183.2302,108.7422,-586.3373
69.73641,183.3061,109.191,-585.8848
69.74624,183.755,108.4441,-586.7823
69.75607,183.4545,108.5925,-586.3352
69.7659,183.5286,108.1439,-586.7859
69.77569,183.304,108.5171,-586.2622
69.78552,183.2302,109.0407,-585.8113
69.79534,183.5291,108.7412,-585.8838
69.80517,183.9045,108.9659,-585.6537
69.81497,183.4549,109.1898,-585.4331
69.82479,183.6034,109.1881,-584.8314
69.83462,183.7546,109.7119,-584.3778
69.84445,183.3024,109.1119,-584.5352
69.85424,184.0533,109.0392,-585.0518
69.86407,184.0535,109.114,-584.9766
69.8739,184.2777,109.1133,-584.6739
69.88372,183.9783,109.3376,-584.5266
69.89352,184.2769,109.187,-584.2237
69.90335,184.4285,109.6366,-584.0703
69.91317,184.502,109.6349,-583.4695
69.923,184.3519,109.933,-582.8702
69.93283,184.8017,109.6347,-583.3161
69.94262,184.2762,109.8574,-582.7214
69.95245,184.3503,109.7073,-582.646
69.96225,184.5003,109.7074,-582.6443
69.97207,185.0999,109.7075,-582.4874
69.9819,185.0256,109.8575,-582.4877
69.99172,184.7257,110.3795,-581.5894
70.00152,184.7266,110.3806,-581.9644
70.01135,184.8013,110.6041,-581.4377
70.02117,184.9515,110.3061,-582.037
70.031,184.879,110.8312,-582.111
70.04083,184.9522,110.6054,-581.811
70.05065,184.8777,110.3821,-582.4126
70.06045,185.1039,110.7567,-582.1837
70.07028,184.9534,110.3083,-582.787
70.0801,185.5544,110.3848,-583.0798
70.08993,185.3304,110.6841,-582.9313
70.09973,185.3337,111.1357,-583.4548
70.10955,184.9582,111.1347,-583.234
70.11938,185.2596,111.2113,-583.6803
70.12918,185.4838,110.9867,-583.7535
70.139,185.7095,110.8385,-584.2764
70.14883,185.3369,111.2886,-584.4291
70.15866,185.4103,110.9885,-584.3543
70.16845,185.7856,110.84,-584.7255
70.17828,185.3382,111.2902,-584.9542
70.18811,185.7874,111.0659,-585.0248
70.19793,185.3386,111.5145,-584.7283
70.20773,185.7886,111.2911,-585.0989
70.21755,184.9622,110.9903,-585.1095
70.22738,185.3364,111.1388,-584.5047
70.23721,185.3379,111.4391,-584.5786
70.24704,185.4128,111.2898,-584.8033
70.25683,185.4126,111.2896,-584.7283
70.26666,185.4127,111.0659,-585.1791
70.27649,185.412,111.065,-584.8791
70.28631,185.2623,111.1399,-584.8806
70.29611,185.4877,111.066,-585.1782
70.30593,185.4119,111.2141,-584.5786
70.31573,185.0381,111.5135,-584.5068
70.32556,184.8129,111.5877,-584.2841
70.33535,185.0383,111.8122,-584.0557
70.34518,184.5904,112.4856,-583.6835
70.35498,185.1883,111.8123,-584.054
70.3648,185.0374,111.7365,-583.8311
70.37463,185.0376,112.1097,-583.2297
70.38443,184.7373,111.8108,-583.6842
70.39425,184.287,112.1829,-582.863
70.40408,184.7358,111.9581,-582.7838
70.41388,184.5891,112.857,-582.4822
70.4237,184.4364,112.5553,-581.9601
70.43353,184.5108,111.9579,-582.7863
70.44332,184.9618,112.1833,-582.7803
70.45315,184.5118,112.1829,-582.7855
70.46298,184.0626,112.7802,-582.0386
70.47277,184.363,112.7064,-582.3354
70.4826,183.7646,113.3044,-581.8902
70.49243,183.8373,112.4065,-582.5674
70.50225,184.2135,112.856,-582.2616
70.51205,182.9414,114.2009,-580.9965
70.52188,183.6894,113.7516,-580.9894
70.5317,183.5381,112.8549,-582.1193
70.5415,183.0146,113.6767,-581.2225
70.55133,183.3907,113.38,-582.1942
70.56115,182.7181,114.2027,-581.6741
70.57095,183.4675,113.5314,-582.6428
70.58078,182.7205,114.2802,-582.4987
70.59057,182.7957,113.833,-583.3995
70.6004,182.6474,113.984,-583.7757
70.61023,182.4241,114.5826,-583.4011
70.62002,182.7239,114.2843,-583.8488
70.62985,182.3485,114.2835,-583.7031
70.63967,182.5732,114.1341,-583.851
70.64947,182.2727,113.7602,-584.3057
70.6593,182.4214,114.0572,-583.253
70.66912,182.4964,113.9827,-583.4024
70.67895,181.6725,114.0578,-583.7116
70.68874,182.0486,114.2832,-583.7065
70.69857,181.675,114.3591,-584.1605
70.7084,181.376,114.6584,-584.0129
70.71819,181.0757,114.5086,-584.1669
70.72802,180.3307,115.7819,-583.871
70.73785,181.1542,114.5875,-585.4407
70.74764,180.2569,115.6341,-584.6224
70.75747,180.481,115.1111,-585.2216
70.7673,180.481,114.8873,-585.5974
70.77712,180.6308,115.3347,-584.6942
70.78692,181.1532,114.3625,-585.4415
70.79674,180.8514,114.2108,-584.9955
70.80657,181.0034,114.661,-584.9922
70.81637,180.3303,115.1101,-584.9233
70.82619,180.4047,115.1841,-584.5472
70.83602,180.1804,115.3338,-584.5493
70.84582,180.3299,115.1096,-584.7733
70.85564,180.4814,115.2607,-585.0711
70.86547,180.2572,115.4852,-584.9979
70.87527,180.0314,115.1857,-585.2265
70.88509,180.2559,115.3346,-584.7734
70.89492,179.9567,115.6336,-584.5508
70.90475,180.5526,114.2119,-585.4489
70.91454,180.0318,115.8575,-584.1741
70.92437,179.6543,115.332,-584.1053
70.9342,180.4761,114.21,-584.8498
70.94402,180.1776,114.8829,-584.2509
70.95385,179.2003,114.2079,-584.5645
70.96365,179.6518,114.6576,-584.3328
70.97347,179.5773,115.1058,-583.7321
70.9833,179.8013,114.4335,-584.5568
70.99309,179.7263,114.5079,-584.4073
71.00292,179.7252,114.4321,-584.1077
71.01275,179.2767,114.8809,-583.8863
71.02254,179.0532,115.6285,-583.1362
71.03237,179.6512,114.657,-584.1077
71.0422,178.903,115.3297,-583.5891
71.05199,179.7267,114.8068,-584.0313
71.06182,179.2031,114.9572,-584.3369
71.07165,179.8029,114.7337,-584.6307
71.08147,179.3535,115.2562,-583.959
71.09127,179.4303,115.5568,-584.1071
71.1011,179.5028,114.8825,-584.3337
71.11089,178.7542,115.4802,-583.8152
71.12072,178.8312,116.0048,-583.6625
71.13055,178.8292,115.7787,-583.2883
71.14034,178.9789,115.9277,-582.911
71.15017,178.9024,115.2544,-583.5143
71.16,179.1273,115.1053,-583.7372
71.16979,179.2032,115.6286,-583.1345
71.17962,179.1271,115.2542,-583.3617
71.18944,178.5293,116.0023,-582.9159
71.19924,178.9047,115.6301,-583.7379
71.20907,178.1562,115.9296,-583.8205
71.21889,178.231,115.9295,-583.7446
71.22872,177.7084,116.4539,-583.7488
71.23852,178.2313,115.7806,-584.1201
71.24834,178.0071,115.7813,-584.4227
71.25817,178.3833,116.2307,-584.1168
71.26797,178.2337,116.0072,-584.6443
71.27779,177.8601,116.4561,-584.422
71.28762,178.3827,115.7078,-584.7936
71.29742,178.0837,115.9325,-584.7963
71.30724,178.5353,116.0095,-585.3159
71.31707,178.3852,115.9346,-585.3929
71.3269,178.31,115.9343,-585.3187
71.33669,178.836,116.2343,-585.1616
71.34652,178.3855,115.7111,-585.9186
71.35635,178.5373,116.2356,-585.69
71.36614,178.4619,115.9367,-586.067
71.37597,178.2386,116.2369,-586.2185
71.3858,178.014,116.2371,-586.371
71.39562,177.7138,116.0127,-586.6753
71.40542,178.2387,116.0878,-586.519
71.41525,177.6404,116.3877,-586.6748
71.42507,177.9411,116.4634,-586.8211
71.4349,177.9419,116.1659,-587.6472
71.4447,176.9681,116.6886,-587.2065
71.45452,177.9426,116.2413,-587.7968
71.46435,177.7197,116.4675,-588.2486
71.47414,177.6449,116.4676,-588.3245
71.48397,177.7958,116.5434,-588.5475
71.49377,178.0209,116.4691,-588.6951
71.50359,177.8728,116.7696,-588.9208
71.51339,177.8716,116.5444,-588.8466
71.52322,178.0241,117.0698,-588.918
71.53301,177.7991,116.995,-589.0709
71.54284,178.0241,116.7713,-589.444
71.55264,178.0244,116.6225,-589.8196
71.56246,177.9513,116.8485,-590.1946
71.57226,178.2516,116.9984,-590.0406
71.58209,178.3262,116.6996,-590.4158
71.59188,178.2525,117.1486,-590.1151
71.60171,178.4019,116.7005,-590.715
71.61153,178.1034,117.448,-589.9658
71.62136,178.1038,117.15,-590.6418
71.63116,178.1791,117.2251,-590.6407
71.64098,178.5543,117.1511,-590.8616
71.65081,178.5565,117.3775,-591.3109
71.66061,178.7049,117.152,-591.0849
71.67043,178.4815,117.3774,-591.3117
71.68028,178.4806,116.9288,-591.7632
71.6901,178.7065,117.0792,-591.8351
71.6999,178.5574,117.0802,-592.2119
71.70973,178.7831,117.2304,-592.2087
71.71955,178.2577,117.1549,-592.215
71.72938,178.484,117.2312,-592.5872
71.73918,178.6342,117.3062,-592.5102
71.749,178.5599,117.307,-592.811
71.75883,178.4854,117.5312,-592.5861
71.76865,178.7096,117.1576,-592.9598
71.77845,178.2611,117.6065,-592.7384
71.78828,179.0112,117.309,-593.3308
71.7981,178.7144,117.7601,-593.7827
71.80793,179.1637,117.6105,-593.778
71.81773,178.4893,117.6105,-594.0108
71.82755,178.7175,118.2859,-594.0808
71.83738,178.2677,117.9873,-594.687
71.84721,178.7184,117.9141,-595.1321
71.857,179.0947,118.0652,-595.3522
71.86683,179.1694,117.7666,-595.8024
71.87666,178.9446,117.9157,-595.5795
71.88645,178.7192,117.915,-595.4321
71.89628,179.3948,117.8418,-595.7996
71.90611,179.1702,118.0659,-595.5764
71.9159,178.4985,118.7405,-595.6567
71.92573,178.724,118.8159,-595.7288
71.93556,178.6476,118.292,-596.1066
71.94535,178.4255,118.7429,-596.4825
71.95518,179.324,118.1451,-596.9243
71.96501,178.8754,118.0717,-597.6047
71.9748,179.0256,118.2959,-597.3022
71.98463,179.4015,118.0735,-598.0486
71.99445,179.1026,118.6714,-597.45
72.00428,179.3267,118.3721,-597.5985
72.01408,179.2507,118.147,-597.6002
72.0239,179.4742,117.9964,-597.2981
72.03373,179.4002,117.9974,-597.6739
72.04356,179.3989,117.6229,-597.8253
72.05338,179.8487,117.847,-597.3693
72.06318,180.0726,117.4728,-597.5931
72.07301,180.0723,117.3978,-597.5933
72.08283,179.6208,116.9481,-597.8251
72.09263,180.147,117.4722,-597.3672
72.10242,180.0724,117.5472,-597.3678
72.11225,179.5476,117.8453,-596.9228
72.12205,180.2958,117.3963,-596.9908
72.13187,179.8461,117.4708,-596.9957
72.14167,179.9953,117.3208,-596.9194
72.15147,180.219,116.7973,-597.3688
72.16129,179.4716,117.5457,-597.0747
72.17109,179.9193,117.0957,-596.9211
72.18092,179.7691,116.8717,-597.2986
72.19071,180.1435,116.722,-597.2949
72.20051,179.8424,116.2729,-597.6749
72.21034,179.8428,116.6463,-597.1486
72.22016,179.8426,116.3476,-597.5996
72.22996,179.6171,116.2722,-597.5275
72.23978,179.4675,116.4964,-597.3034
72.24961,179.7672,116.2726,-597.6008
72.25941,179.1657,115.8972,-597.684
72.26923,179.0153,116.0457,-597.2352
72.27906,178.9418,116.0474,-597.8361
72.28886,179.1631,115.5956,-597.16
72.29868,178.7902,115.8962,-597.4634
72.30851,179.1627,115.5952,-597.0101
72.31831,179.3105,115.1451,-596.9349
72.32813,178.4877,115.893,-596.4918
72.33796,178.7855,115.1446,-596.941
72.34779,178.7091,114.9191,-596.7926
72.35758,178.7086,114.8439,-596.718
72.36741,178.6338,114.7695,-596.944
72.37724,178.4858,115.3684,-596.6437
72.38703,178.2589,114.9184,-596.7228
72.39686,178.7073,114.5439,-596.719
72.40669,178.0329,114.6932,-596.7263
72.41651,178.0319,114.4682,-596.7271
72.42631,177.582,114.4678,-596.7322
72.43613,177.3558,114.0932,-596.9611
72.44596,177.4326,114.2447,-597.4097
72.45576,177.4334,114.4694,-597.3339
72.46558,177.0578,114.0206,-597.8649
72.47541,176.8333,114.4686,-597.2658
72.48524,177.3565,113.8703,-597.6369
72.49506,176.532,114.3177,-597.0448
72.50486,176.9066,114.0191,-597.4166
72.51469,176.1572,114.0191,-597.6501
72.52451,176.8327,114.095,-597.7172
72.53434,176.2331,114.1694,-597.7238
72.54417,176.606,113.8689,-597.4205
72.55399,176.6075,113.8707,-598.0204
72.56382,176.2309,113.3462,-598.3266
72.57362,176.4563,113.5708,-598.0983
72.58344,176.6813,113.2725,-598.6218
72.59327,176.2306,113.1221,-598.6275
72.6031,176.6082,113.5732,-598.8466
72.61292,176.4586,113.4989,-599.1485
72.62272,176.1602,113.7243,-599.3762
72.63255,176.5342,113.1267,-600.0489
72.64237,176.0098,113.4253,-599.754
72.6522,176.6854,113.3521,-600.1215
72.66203,176.1606,113.3518,-600.2025
72.67185,176.8345,113.202,-600.0452
72.68167,176.6086,112.7531,-600.4995
72.6915,176.9097,112.9038,-600.6454
72.70132,177.0601,112.9044,-600.7937
72.71115,177.0601,113.2029,-600.2676
72.72095,176.8366,113.279,-600.72
72.73077,176.6099,112.8292,-600.8741
72.7406,176.9108,112.9798,-600.9451
72.75043,177.286,112.6074,-601.6921
72.76025,177.2112,112.6075,-601.7679
72.77005,177.4359,112.4582,-601.916
72.77988,177.136,112.1597,-602.5204
72.78967,177.2865,112.608,-601.9171
72.7995,177.3628,112.6842,-602.291
72.80933,177.5132,112.6103,-602.5895
72.81915,177.2888,112.8346,-602.4413
72.82898,177.4383,112.4611,-602.8909
72.83878,177.44,112.8361,-602.8895
72.8486,176.9908,113.0604,-602.8189
72.85843,177.3661,112.9119,-603.1901
72.86825,178.1897,111.8668,-604.5343
72.87805,177.816,112.3155,-604.2371
72.88788,178.1922,112.2427,-604.8329
72.8977,178.1185,112.6172,-604.6825
72.90753,178.5684,112.3937,-605.0531
72.91733,177.6715,112.9933,-605.2114
72.92715,178.1954,112.9179,-604.9056
72.93698,178.7213,112.5466,-605.9508
72.94681,179.2453,112.0237,-606.4717
72.9566,179.0966,112.3235,-606.4723
72.96643,179.2471,112.175,-606.9211
72.97626,179.4719,112.2496,-606.6932
72.98605,179.5464,112.0253,-606.9182
72.99588,180.0712,111.7272,-607.3632
73.00571,180.523,112.2519,-607.1311
73.0155,180.4484,112.1777,-607.4323
73.02533,180.5983,112.327,-607.13
73.03516,181.1238,112.0297,-607.875
73.04495,181.3488,112.03,-607.8724
73.05478,182.1,111.9575,-608.4641
73.06461,182.5532,112.2602,-609.2078
73.0744,183.1552,112.4123,-609.7253
73.08423,183.3812,112.3391,-610.2479
73.09405,183.4592,112.6412,-610.921
73.10388,183.912,113.0925,-611.2142
73.11368,183.6134,113.2432,-611.5172
73.1235,184.2893,113.3195,-611.734
73.13333,184.2914,113.6204,-612.033
73.14316,184.5908,113.247,-612.4808
73.15295,184.8902,113.2466,-612.2524
73.16278,185.4895,112.8734,-612.6218
73.17261,185.8653,113.0985,-612.5417
73.18243,185.5647,112.8736,-612.696
73.19223,185.8664,113.1744,-612.8414
73.20206,186.9158,112.8763,-613.1305
73.21188,186.1693,114.1479,-612.2346
73.22171,187.1439,113.3279,-613.5762
73.23154,187.071,113.9271,-613.3499
73.24133,187.8947,113.5534,-613.4918
73.25116,188.1946,113.4789,-613.5636
73.26099,188.0465,114.0778,-613.2632
73.27081,188.7954,113.6297,-613.6312
73.28061,189.0185,113.2547,-613.5549
73.29044,189.3187,113.3297,-613.4762
73.30026,189.3924,113.1791,-613.2509
73.31006,189.2428,113.5524,-612.7263
73.31989,189.9179,113.7024,-612.493
73.32971,190.5916,113.3285,-612.6366
73.33954,190.8139,112.7287,-612.6362
73.34934,191.1887,112.7289,-612.5568
73.35916,190.8143,112.953,-612.4103
73.36899,191.6364,112.3536,-612.328
73.37878,191.489,113.2517,-611.7265
73.38861,192.6101,112.353,-611.7917
73.39844,192.4633,113.0281,-611.8661
73.40826,192.6094,112.5014,-611.2662
73.41809,192.9844,112.5018,-611.262
73.42792,192.3861,113.2492,-610.5912
73.43771,193.2103,112.9506,-610.8078
73.44754,193.1337,112.7249,-610.5844
73.45737,193.659,112.8004,-610.5781
73.46716,193.0586,112.9485,-610.1345
73.47699,193.5053,112.0498,-610.4326
73.48682,193.581,112.4237,-610.0554
73.49664,193.8063,112.3496,-610.278
73.50644,193.7305,112.4232,-609.8287
73.51627,193.8064,112.8719,-609.3762
73.52609,193.2807,113.0944,-608.7064
73.53592,193.9531,112.2714,-609.1516
73.54575,194.1765,111.8221,-609.3007
73.55554,194.1767,112.0462,-608.9998
73.56537,194.4009,111.8216,-609.073
73.57519,194.1744,112.0435,-608.0999
73.58502,194.4731,111.3708,-608.7738
73.59485,193.9483,111.818,-608.0283
73.60464,194.3958,111.2187,-608.1002
73.61447,193.7211,111.5915,-607.5817
73.6243,194.0956,111.7405,-607.1268
73.63413,194.018,110.9913,-607.4304
73.64392,194.0164,110.7656,-607.2061
73.65375,194.3919,110.9158,-607.1263
73.66358,194.3179,111.1407,-607.1263
73.67341,194.6167,110.9158,-607.0487
73.6832,194.3182,111.0664,-607.3516
73.69303,194.169,111.3656,-607.1273
73.70286,194.1698,111.2919,-607.5775
73.71269,194.1698,111.2919,-607.5775
73.72251,194.1705,111.7403,-607.051
73.73231,194.0204,111.7402,-607.0527
73.74213,193.7935,111.5884,-606.5309
73.75196,194.3918,110.841,-607.2015
73.76179,194.095,111.9634,-606.4511
73.77158,194.4682,111.1411,-607.1996
73.78141,194.3924,111.2146,-606.7502
73.79124,194.617,111.1399,-606.7479
73.80103,194.391,110.9146,-606.7513
73.81086,194.3936,111.4399,-606.8245
73.82069,194.0942,111.3657,-607.2031
73.83051,194.6952,111.5167,-607.3457
73.84034,194.9976,111.669,-608.0167
73.85014,194.5481,111.7438,-608.0967
73.85996,195.0738,111.5214,-608.7664
73.86979,194.8485,111.5955,-608.5437
73.87962,195.3751,111.7471,-608.9121
73.88941,195.4509,111.8226,-609.061
73.89924,195.3751,111.8217,-608.7618
73.90906,194.6245,111.8948,-608.3953
73.91889,195.1484,111.894,-607.9392
73.92869,194.6245,112.3423,-607.5687
73.93851,195.2962,111.4439,-607.8641
73.94834,195.2941,111.143,-607.5651
73.95814,195.2936,111.3662,-606.9644
73.96796,195.2906,110.6166,-607.117
73.97779,194.8419,111.2892,-606.4448
73.98762,195.4387,110.6145,-606.3653
73.99741,195.5142,110.7644,-606.289
74.00724,195.8868,110.3143,-606.1362
74.01707,195.1382,110.8374,-605.768
74.02689,195.2861,110.4621,-605.6176
74.03669,195.7376,110.9119,-605.3859
74.04652,196.1846,110.0137,-605.8339
74.05634,196.1859,110.5373,-605.382
74.06614,196.0336,110.1615,-605.1602
74.07597,196.0348,110.1629,-605.61
74.08576,196.5585,109.9381,-605.5298
74.09559,195.8095,110.237,-605.3875
74.10539,196.8575,109.788,-605.377
74.11521,196.6325,110.0862,-604.8535
74.12501,196.4069,110.2344,-604.3305
74.1348,196.8552,109.4869,-605.003
74.14463,196.6315,110.2342,-604.1779
74.15443,197.0794,109.6353,-604.3999
74.16422,197.3023,109.26,-604.2487
74.17405,197.7519,109.26,-604.0934
74.18385,197.3774,109.4094,-604.0223
74.19367,197.525,108.9591,-603.8721
74.20347,197.9741,108.8839,-603.6423
74.21329,197.7481,108.8826,-603.2699
74.22309,197.8241,109.1822,-603.1179
74.23292,197.7491,109.4805,-602.5927
74.24274,197.9728,109.1062,-602.7415
74.25257,197.9722,108.9562,-602.742
74.26237,197.9704,108.6557,-602.593
74.27219,198.6443,108.655,-602.1354
74.28202,198.5709,108.8806,-602.3604
74.29185,198.8694,108.8046,-601.9072
74.30164,199.2444,108.432,-602.5792
74.31147,198.7199,108.9542,-601.8334
74.3213,199.8443,108.6562,-602.1216
74.33109,200.2189,108.6561,-601.9672
74.34092,200.5937,108.6562,-601.8879
74.35075,200.8175,108.3567,-601.9614
74.36057,200.9656,108.0562,-601.7358
74.3704,201.4931,108.5819,-601.8028
74.3802,201.4915,108.0578,-602.1047
74.39002,201.7934,108.3588,-602.3251
74.39985,201.7184,108.3587,-602.326
74.40964,201.7947,108.7333,-602.1738
74.41947,201.7943,108.8074,-601.8736
74.4293,202.0971,108.8856,-602.8448
74.43913,202.5449,108.4359,-602.7662
74.44895,202.0955,108.66,-602.6206
74.45875,202.0194,108.7331,-602.0213
74.46858,202.4666,107.9096,-602.394
74.4784,201.8702,108.8832,-602.0975
74.48823,202.9944,108.212,-602.9868
74.49806,202.7713,108.5124,-603.2134
74.50785,202.9224,108.5885,-603.5114
74.51768,202.5507,108.8903,-604.2646
74.5275,202.2557,110.015,-604.264
74.53733,203.0058,109.5683,-605.082
74.54713,203.4568,109.1223,-606.2783
74.55695,203.0093,109.3487,-606.8827
74.56678,202.8599,109.6476,-606.5834
74.57661,203.0118,110.2469,-606.2795
74.58643,203.0107,109.9471,-606.3556
74.59626,203.6105,109.5745,-606.95
74.60606,203.6838,109.498,-606.4244
74.61588,203.6082,109.4972,-606.2003
74.62571,203.233,109.5712,-605.9793
74.63551,203.9091,110.0952,-605.4448
74.64533,203.6838,109.7964,-605.8984
74.65516,204.8054,109.0475,-605.8881
74.66496,204.5809,109.197,-605.8152
74.67479,204.5817,109.4964,-605.5891
74.68461,205.029,108.9713,-605.4358
74.69444,205.4792,109.1959,-605.1298
74.70424,205.3289,109.1207,-605.1318
74.71406,205.703,108.9709,-605.0531
74.72389,205.853,109.344,-604.375
74.73372,205.7005,108.6695,-604.6041
74.74351,206.5248,108.5203,-604.5952
74.75334,206.3745,108.7436,-604.0711
74.76317,206.6002,108.8938,-604.068
74.77299,206.974,108.7435,-603.8392
74.78279,207.2743,108.8188,-603.8355
74.79262,206.9771,109.4933,-603.7615
74.80244,207.4266,109.3439,-603.8319
74.81227,207.0538,109.9429,-603.6091
74.82209,207.7272,109.7178,-603.3772
74.83189,207.9558,110.3192,-603.7474
74.84172,208.1805,110.4683,-603.3693
74.85154,208.855,110.0953,-603.8129
74.86134,208.1829,110.9933,-603.3675
74.87117,209.3065,110.6944,-603.3556
74.88099,209.6071,110.6953,-603.5771
74.89079,209.6829,110.8456,-603.6508
74.90062,209.6839,111.4436,-602.9736
74.91044,209.9821,111.2925,-602.5207
74.92024,210.2053,111.5889,-601.2421
74.93007,210.5824,111.7411,-601.8373
74.93989,211.1792,111.4394,-601.0814
74.94969,211.0316,112.2627,-600.5552
74.95952,211.6295,111.8878,-600.3997
74.96934,212.4544,112.0377,-600.0897
74.97914,212.6811,112.4129,-600.0858
74.98897,212.9053,112.4868,-599.6329
74.99879,212.4592,113.3861,-599.5599
75.00859,213.1335,113.2368,-599.5527
75.01842,213.4351,113.2391,-600.2242
75.02824,212.6143,114.2876,-600.005
75.03804,213.4396,113.9904,-600.6715
75.04786,212.9149,114.2886,-600.2265
75.05769,213.366,113.992,-601.1974
75.06752,212.9916,113.9177,-601.577
75.07731,213.2183,114.2929,-601.5731
75.08714,213.2202,114.5936,-601.7969
75.09697,213.372,114.969,-601.8689
75.10676,212.9243,115.3442,-602.0977
75.11656,213.0744,115.4191,-602.0207
75.12639,212.8494,115.4935,-601.873
75.13618,213.2997,115.345,-602.2433
75.14601,213.0762,115.3466,-602.8459
75.15581,213.0039,116.245,-602.3186
75.16563,213.3779,115.7219,-602.8411
75.17543,213.379,116.3201,-602.239
75.18526,213.1523,115.6465,-602.769
75.19505,213.2294,116.3204,-602.3907
75.20485,213.678,115.7224,-602.9127
75.21467,213.3788,116.1705,-602.3895
75.22447,212.9295,116.2456,-602.5445
75.2343,213.3044,116.022,-602.916
75.24409,213.6031,115.8717,-602.688
75.25389,213.8288,116.0964,-602.5347
75.26371,213.4554,116.1726,-603.0637
75.27351,213.6051,116.3962,-602.5362
75.28334,213.8312,116.4723,-602.8333
75.29313,214.0563,116.3234,-603.1312
75.30293,214.0562,116.5471,-602.6805
75.31276,214.2084,117.2213,-602.3763
75.32255,214.6576,117.2954,-601.921
75.33238,214.4336,117.6693,-601.6222
75.34221,214.7328,117.7432,-601.1685
75.352,215.0329,117.5944,-601.4656
75.36183,215.1081,118.117,-600.6379
75.37166,215.7072,117.6689,-601.0826
75.38145,215.4066,117.5187,-601.0865
75.39128,215.4821,117.8924,-600.6343
75.40111,216.3074,117.6698,-601.1507
75.41093,216.0074,118.3409,-599.9518
75.42073,216.0834,118.6405,-599.7998
75.43056,216.0825,118.2664,-600.1011
75.44038,216.3821,118.5646,-599.4216
75.45021,216.3082,118.5659,-599.8725
75.46,216.7564,118.7134,-598.8919
75.46983,216.8338,118.9401,-599.4151
75.47966,216.759,118.8657,-599.6413
75.48948,216.9854,119.4643,-599.1116
75.49931,217.0597,119.3144,-599.1112
75.50911,216.7617,120.0625,-598.587
75.51893,216.9137,120.7363,-598.133
75.52876,216.0907,121.1855,-598.1409
75.53859,217.5134,120.4382,-598.5771
75.54841,217.5149,120.8876,-598.3505
75.55821,217.7414,121.6355,-597.5953
75.56804,218.0416,121.2631,-598.3431
75.57786,217.5945,122.4597,-597.3691
75.58766,218.4189,122.0868,-597.8109
75.59749,218.3448,122.1624,-598.0365
75.60731,218.5726,122.912,-597.8062
75.61714,218.5745,123.2872,-597.8799
75.62694,218.4999,123.5115,-597.655
75.63676,219.0269,123.7381,-598.0231
75.64659,218.876,123.3638,-598.3262
75.65641,218.8027,124.0372,-597.7996
75.66625,218.8784,124.1873,-597.7982
75.67607,218.8047,124.5617,-597.6478
75.6859,218.4301,124.4127,-598.1027
75.6957,218.806,124.5633,-598.1728
75.70552,219.2546,124.3383,-598.0184
75.71532,218.8075,124.9381,-598.0965
75.72515,218.8108,125.7626,-597.9435
75.73497,219.4846,125.0905,-598.6882
75.74477,218.8139,125.9901,-598.7678
75.7546,219.2648,125.9917,-599.1375
75.76442,219.4917,126.2926,-599.3588
75.77425,219.3435,126.4438,-599.8101
75.78404,218.9691,126.3695,-600.1896
75.79387,219.0434,126.6671,-599.3627
75.8037,219.5696,126.5199,-600.1072
75.81352,219.7196,126.5946,-599.9552
75.82335,219.6456,127.1179,-599.4292
75.83315,219.1972,127.6416,-599.1325
75.84297,219.2738,127.5689,-599.8819
75.8528,219.7962,127.0442,-599.8027
75.86263,219.7966,126.9701,-600.103
75.87242,220.3218,127.3438,-599.4956
75.88225,220.0983,127.3454,-600.0982
75.89208,219.8719,127.4181,-599.4255
75.90187,220.2465,127.1942,-599.647
75.9117,219.8722,127.9407,-598.5987
75.92153,220.547,127.7172,-598.8917
75.93135,220.0214,127.7906,-598.5225
75.94115,220.3951,127.6403,-598.2938
75.95098,220.6195,127.4159,-598.442
75.9608,220.6205,127.9394,-597.9151
75.97063,220.3197,127.7143,-597.9944
75.98046,220.6203,127.5662,-598.5164
75.99028,219.9481,128.4639,-597.996
76.00008,220.0245,128.6149,-598.2946
76.00991,220.0249,128.9883,-597.7682
76.01973,220.0981,128.688,-597.6185
76.02956,219.6533,129.738,-597.7699
76.03935,220.1029,129.6634,-597.765
76.04918,219.8775,129.4389,-597.9934
76.05901,219.0555,130.2622,-597.7
76.06883,219.7287,129.6639,-598.0693
76.07863,218.832,130.8606,-597.2505
76.08846,218.9818,130.6366,-597.5495
76.09828,218.3828,130.8611,-597.5556
76.10811,219.0595,131.4606,-597.1708
76.11791,218.5334,131.4587,-596.7268
76.12773,217.9374,132.4327,-596.5803
76.13756,217.6377,132.6565,-596.2828
76.14739,217.9353,131.7588,-596.9576
76.15721,218.0881,132.5083,-596.7282
76.16701,217.4896,132.957,-596.5085
76.17684,217.263,132.6566,-596.4372
76.18663,216.516,133.5545,-595.9926
76.19646,217.1147,133.106,-596.2873
76.20629,216.5163,133.704,-595.8421
76.21611,216.2932,134.0791,-595.9183
76.22591,215.8446,134.6025,-595.5467
76.23574,215.8437,134.5268,-595.322
76.24556,215.6195,134.4529,-595.7748
76.25539,215.9947,134.4535,-595.8455
76.26521,215.6958,134.8276,-595.6226
76.27501,215.4717,135.276,-595.1736
76.28484,215.0209,134.9017,-595.5551
76.29466,214.7235,135.5012,-595.4815
76.30449,214.573,135.3513,-595.5587
76.31432,214.574,135.5017,-595.7082
76.32415,214.2002,135.8011,-595.6364
76.33397,213.826,136.0255,-595.5649
76.3438,214.3507,135.9511,-595.5591
76.35359,214.0525,136.1021,-596.012
76.36342,213.6767,135.877,-596.0922
76.37325,213.7526,136.2511,-595.79
76.38307,213.3787,136.3267,-596.094
76.3929,212.6294,136.5505,-595.9518
76.40273,213.0781,136.1018,-596.2483
76.41255,212.7035,136.3258,-596.0268
76.42238,212.7791,136.6249,-595.7249
76.43221,212.4795,136.9981,-595.202
76.44203,212.4035,136.773,-595.2037
76.45183,212.7769,135.8763,-596.1776
76.46166,212.1026,136.3986,-595.5085
76.47148,212.4763,135.9499,-595.8058
76.48131,211.8765,135.875,-596.0378
76.49114,211.9509,136.0235,-595.5115
76.50096,211.7262,136.0983,-595.5139
76.51079,211.5013,136.6203,-594.6146
76.52062,211.4274,136.7707,-594.765
76.53044,211.5009,136.3215,-594.9907
76.54024,211.1267,136.9189,-594.2429
76.55007,210.6775,137.2923,-593.8717
76.55989,210.8252,136.3199,-594.6984
76.56972,210.8246,136.3938,-594.3232
76.57955,210.7495,136.2444,-594.5495
76.58937,210.2998,136.7665,-593.7279
76.5992,210.0018,137.2907,-593.5795
76.60903,210.2996,137.0647,-593.1268
76.61885,209.8486,136.8392,-593.1328
76.62865,208.7268,137.6625,-592.9178
76.63848,209.3234,136.5401,-593.59
76.6483,208.2755,137.5859,-592.5483
76.65813,209.0994,137.2124,-592.7652
76.66797,208.5,137.2125,-592.997
76.67779,207.6764,137.661,-592.78
76.68759,207.5261,137.5859,-592.782
76.69742,206.9267,137.8844,-592.4878
76.70724,207.0769,137.8102,-592.7113
76.71707,206.2529,138.109,-592.5698
76.72689,205.7287,138.4078,-592.3497
76.73672,205.5045,138.3339,-592.8026
76.74655,205.0564,139.0071,-592.3553
76.75638,204.4559,138.9313,-592.2875
76.76617,204.3066,138.7827,-592.8148
76.776,203.7816,139.0061,-592.445
76.78582,204.0066,138.7825,-592.8182
76.79565,203.1081,139.2309,-592.6021
76.80548,203.3331,139.2311,-592.5994
76.8153,202.6599,139.6057,-592.6808
76.82513,202.5854,139.83,-592.4559
76.83493,202.4352,139.5312,-592.9086
76.84475,201.6861,139.9045,-592.616
76.85458,201.8355,139.6801,-592.7651
76.86441,201.3115,139.9792,-592.6201
76.87423,201.2358,139.8291,-592.6215
76.88403,201.3115,139.9046,-592.7703
76.89386,200.6364,140.1276,-592.3273
76.90368,200.5598,139.9019,-592.1039
76.91351,200.6361,140.2765,-591.9517
76.92334,199.8864,140.4999,-591.6595
76.93316,199.5125,140.6499,-591.8134
76.94296,199.6636,140.5769,-592.4119
76.95279,199.6648,140.5783,-592.8619
76.96261,198.9154,140.8021,-592.7197
76.97244,199.6658,140.8033,-592.8611
76.98227,199.0671,140.8043,-593.3929
76.99206,198.6932,140.9543,-593.5467
77.00189,198.9934,140.8058,-593.9188
77.01172,197.8686,141.2524,-593.1801
77.02154,198.2459,141.4793,-593.7
77.03137,197.1977,142.3756,-592.809
77.04117,197.4207,141.5529,-593.4843
77.05099,197.4957,141.18,-594.1597
77.06082,197.2713,141.4789,-593.8612
77.07064,197.1952,141.1044,-594.0884
77.08044,197.5704,140.7321,-594.8354
77.09027,196.7457,141.2538,-594.0181
77.10009,196.5976,141.1814,-594.92
77.10992,195.9972,141.2549,-594.6266
77.11975,196.0726,141.3299,-594.6255
77.12957,195.5482,141.2556,-595.0068
77.13937,195.3986,141.1813,-595.3088
77.1492,195.2487,141.0321,-595.6111
77.15902,194.8747,141.3313,-595.4643
77.16885,195.0977,140.6578,-595.9141
77.17868,194.2,141.1072,-595.9979
77.1885,194.3487,140.7328,-596.1474
77.1983,193.9003,140.8089,-596.6774
77.20813,193.2253,140.8828,-596.5348
77.21795,192.9256,140.9575,-596.538
77.22778,192.4762,141.3307,-596.0919
77.23761,190.9018,140.9569,-597.0113
77.24743,191.5766,140.7335,-597.3043
77.25726,191.6517,140.8083,-597.2283
77.26709,191.5014,140.3602,-597.9065
77.27688,190.9767,140.5838,-597.6118
77.28671,190.9011,140.2846,-597.9137
77.29654,190.8997,139.6862,-598.4407
77.30636,190.6758,140.0603,-598.217
77.31619,190.0764,140.135,-598.2987
77.32602,189.7022,140.3594,-598.2272
77.33581,189.4752,140.133,-597.8556
77.34564,189.1761,139.91,-598.6098
77.35547,189.4747,139.3864,-598.9832
77.36529,189.5524,139.6135,-599.6565
77.37512,189.1027,139.8372,-599.3609
77.38495,188.8775,139.3892,-600.1151
77.39477,188.205,140.1374,-599.7452
77.40457,188.6541,139.6892,-600.1916
77.41439,188.4299,139.8392,-600.2687
77.42422,188.2057,139.9145,-600.421
77.43405,187.9807,139.9142,-600.4236
77.44388,188.0558,139.3923,-601.3995
77.4537,188.2811,139.542,-601.2464
77.4635,187.9825,139.6181,-601.6996
77.47332,188.2081,139.9174,-601.3959
77.48315,188.0594,139.6204,-602.4487
77.49298,188.4356,139.9205,-602.3683
77.50277,188.8094,139.5466,-602.5903
77.5126,188.1361,139.9955,-602.4465
77.52243,188.5856,139.8461,-602.5168
77.53225,188.1369,140.1457,-602.5209
77.54208,188.5854,139.9205,-602.2916
77.55188,189.2577,138.799,-603.2628
77.5617,188.2098,139.5464,-602.7472
77.57153,188.6585,139.4708,-602.3673
77.58133,189.1824,138.6494,-603.4142
77.59115,189.1814,138.5735,-603.1144
77.60095,189.5576,138.65,-603.4849
77.61078,188.8856,139.548,-603.0394
77.62057,189.0333,139.1725,-602.814
77.6304,189.4093,138.801,-603.861
77.64019,189.4855,139.0263,-603.9343
77.65002,189.7851,138.6532,-604.4572
77.65985,189.5605,138.5043,-604.9103
77.66967,189.6343,138.3537,-604.685
77.6795,189.1119,138.8038,-604.9144
77.68932,189.9358,138.3558,-605.2816
77.69915,189.6353,138.2803,-605.2103
77.70898,189.8622,138.8796,-604.9055
77.7188,189.6354,138.4296,-604.9847
77.7286,189.6375,139.0289,-604.7576
77.73843,190.2361,138.2072,-605.6536
77.74825,189.8631,138.5823,-605.8066
77.75808,190.0883,138.6573,-605.7287
77.76791,190.0885,138.2845,-606.48
77.77773,190.6141,138.5841,-606.1729
77.78756,190.4644,138.3606,-606.7004
77.79739,190.6888,137.9871,-607.1491
77.80721,190.5419,138.5875,-607.2988
77.81704,190.2419,138.5872,-607.3022
77.82687,190.0175,138.8115,-607.1539
77.83669,189.7943,139.1117,-607.3055
77.84652,190.6169,138.2146,-607.9742
77.85631,190.7667,138.2145,-607.8975
77.86614,190.6187,138.3659,-608.4237
77.87597,190.0194,138.8883,-607.7537
77.88576,190.4686,138.5894,-607.9746
77.89559,190.5453,138.8154,-608.2729
77.90542,190.9931,137.9926,-608.8707
77.91525,190.7687,138.366,-608.4219
77.92504,190.7711,138.891,-608.4201
77.93487,190.6228,139.2659,-608.4205
77.94469,190.6245,139.2679,-609.0954
77.95452,191.5254,139.1208,-609.7606
77.96432,191.8257,139.2706,-609.6066
77.97414,191.8272,139.347,-610.0563
77.98394,191.9788,139.5728,-610.2787
77.99377,192.1293,139.5736,-610.502
78.00356,192.0564,139.949,-610.6516
78.01339,192.2072,139.9501,-610.9498
78.02319,192.358,140.3988,-610.4965
78.03298,192.0612,141.1483,-610.4222
78.04281,192.2112,140.8501,-610.9467
78.0526,193.1842,140.3264,-611.0873
78.06243,192.511,140.7756,-611.0185
78.07223,193.4874,140.629,-611.8327
78.08205,193.4139,141.0782,-611.6069
78.09185,193.1911,141.5282,-611.683
78.10168,193.8652,141.0802,-612.1268
78.11147,193.1186,142.0534,-611.757
78.1213,193.7181,141.9042,-611.8256
78.1311,193.8685,141.9048,-611.9739
78.14092,194.244,141.9804,-612.0443
78.15075,194.5445,141.832,-612.4914
78.16057,194.7678,141.5318,-612.3398
78.1704,194.9951,142.057,-612.3354
78.1802,195.2191,141.7577,-612.4839
78.19002,195.2199,142.057,-612.2578
78.19985,195.1459,142.3565,-612.1076
78.20968,194.8457,142.7289,-611.3598
78.2195,195.8191,142.0567,-611.9509
78.22933,195.4453,142.2815,-612.0294
78.23913,196.2672,141.7564,-611.7218
78.24895,195.5933,142.2792,-611.2028
78.25878,195.9665,141.9791,-611.0495
78.26861,196.6395,141.2314,-611.5693
78.27843,196.1149,141.6043,-611.0491
78.28826,196.5647,141.5299,-611.1192
78.29806,196.7147,141.5301,-611.1174
78.30788,196.8637,141.1561,-611.4171
78.31768,196.5635,141.3047,-611.045
78.32751,196.713,141.4535,-610.5928
78.3373,197.3894,141.3066,-611.4105
78.34713,197.2397,141.7544,-610.7356
78.35693,196.9399,141.7544,-610.8141
78.36675,196.9386,141.1559,-611.3412
78.37655,196.6385,141.2302,-611.1944
78.38638,196.8633,141.3793,-610.8163
78.3962,196.6392,141.4548,-611.0436
78.40603,197.0146,141.754,-610.6633
78.41582,196.116,142.2025,-610.447
78.42565,196.1175,142.6518,-610.2204
78.43548,196.2646,141.6042,-610.9724
78.4453,195.442,142.2775,-610.6795
78.45513,195.8894,141.6781,-610.7514
78.46493,195.6643,141.6777,-610.679
78.47475,195.9634,141.8262,-610.075
78.48458,195.5139,141.6026,-610.681
78.49438,195.5127,141.7503,-609.9305
78.5042,195.6619,141.5257,-610.0045
78.51403,195.3635,142.0495,-609.7062
78.52383,195.1374,141.9734,-609.4091
78.53365,194.3143,142.4223,-609.3419
78.54348,194.6877,141.7495,-609.9401
78.55331,194.7622,141.7489,-609.7142
78.5631,194.3128,142.0476,-609.4183
78.57293,194.9858,141.7475,-609.1866
78.58275,194.9114,141.7482,-609.4124
78.59255,194.8375,142.1224,-609.187
78.60238,194.9872,141.7491,-609.7115
78.6122,193.9396,142.7954,-608.8199
78.622,195.0654,142.6483,-609.4075
78.63183,194.9925,142.9491,-609.7073
78.64165,195.2931,143.0246,-609.7786
78.65145,195.6673,142.6511,-610.1506
78.66128,194.9961,143.7739,-609.6293
78.67112,195.8199,143.4749,-609.6959
78.68092,195.6705,143.4754,-609.9227
78.69074,195.4445,143.1011,-610.2266
78.70057,195.6691,143.1009,-610.074
78.71037,195.0695,143.2499,-609.9304
78.72019,195.1418,142.8738,-609.5559
78.73002,195.0668,143.1722,-609.0306
78.73982,195.0636,142.1985,-609.4841
78.74964,195.5103,141.2998,-609.7822
78.75947,195.0611,141.9717,-608.8849
78.7693,195.6566,140.7734,-609.2573
78.77909,194.7572,141.0717,-608.9666
78.78892,195.8766,139.9471,-608.7326
78.79875,195.5794,140.6216,-608.6587
78.80854,195.3517,140.245,-608.2126
78.81837,194.8994,139.7943,-608.1444
78.8282,194.8266,140.692,-607.3921
78.83802,195.6483,139.7192,-607.8361
78.84782,195.2732,139.9424,-607.3896
78.85764,195.4217,139.6423,-607.314
78.86747,195.4191,138.8187,-607.7668
78.87727,195.0465,139.7163,-607.093
78.88709,195.6432,138.7433,-607.5396
78.89692,195.9424,138.4442,-607.7621
78.90672,195.7168,138.5179,-607.3895
78.91651,195.4167,138.6667,-607.0923
78.92634,194.9662,138.8895,-606.4968
78.93614,195.713,137.842,-607.0919
78.94593,195.4115,137.616,-606.8712
78.95576,195.8586,137.3147,-606.267
78.96558,195.8588,137.2403,-606.4924
78.97538,195.4085,137.4633,-605.9717
78.98521,195.7064,136.7897,-606.3456
78.99503,194.7309,137.012,-605.7561
79.00483,195.4052,136.8627,-605.7488
79.01466,195.0301,136.8621,-605.6782
79.02448,194.8058,137.1612,-605.4547
79.03428,194.5798,137.0105,-605.3079
79.04411,195.3257,135.8128,-605.8284
79.0539,195.4019,136.1127,-605.7515
79.06373,195.1751,135.6627,-605.8307
79.07356,194.8017,136.4848,-605.0071
79.08335,194.7247,135.6618,-605.6859
79.09318,195.1017,136.1867,-605.5297
79.10301,194.9503,135.8866,-605.5325
79.1128,194.2002,135.7365,-605.7667
79.12263,194.502,136.4102,-605.2358
79.13242,194.5015,135.589,-606.5137
79.14225,194.2761,135.8868,-605.8403
79.15208,194.5748,135.2141,-606.5142
79.16187,193.8257,135.8859,-605.6954
79.1717,193.9754,135.5126,-606.22
79.1815,193.7494,135.2129,-606.3737
79.19132,193.7494,135.2874,-606.2234
79.20115,193.5239,135.0629,-606.4518
79.21095,192.9994,135.2122,-606.3823
79.22077,193.1499,135.2875,-606.4553
79.2306,193.0743,135.0629,-606.607
79.2404,193.4511,135.2892,-606.9018
79.25022,193.226,135.0651,-607.2802
79.26005,193.2239,134.6896,-607.1315
79.26988,193.1489,134.6895,-607.1324
79.27967,193.4476,134.3898,-607.13
79.2895,193.371,134.2386,-606.7565
79.29932,193.371,134.1641,-606.9067
79.30912,193.7466,134.4636,-606.6014
79.31895,194.1197,134.0141,-606.6736
79.32874,193.3702,134.5362,-605.9304
79.33857,193.9674,133.489,-606.6772
79.34837,193.8172,133.4886,-606.6039
79.35819,194.3411,133.4878,-606.1479
79.36802,194.1914,133.2642,-606.6754
79.37782,194.4897,133.2625,-605.9969
79.38764,194.0408,133.6364,-605.7758
79.39747,194.6371,132.3644,-606.5984
79.4073,194.4869,132.5132,-606.2247
79.41712,194.3355,132.213,-606.2275
79.42692,193.6618,132.6615,-605.9336
79.43675,193.8091,132.0616,-605.934
79.44657,194.1066,131.4621,-606.0077
79.45637,194.1814,131.5365,-605.7816
79.46619,194.1799,131.0872,-606.0081
79.47602,193.3568,131.8346,-605.415
79.48585,193.879,131.4588,-604.9603
79.49568,193.5806,131.6096,-605.3383
79.50547,193.803,130.8607,-605.6382
79.5153,193.4283,131.0099,-605.4921
79.52513,193.5782,131.0846,-605.3401
79.53495,193.8026,130.9348,-605.3381
79.54475,192.9032,131.1585,-605.1976
79.55457,193.65,130.4095,-605.2667
79.56437,193.4981,130.0341,-605.1947
79.5742,193.4988,130.1841,-605.1942
79.58402,193.4231,129.8101,-605.5713
79.59382,193.3454,129.2101,-605.5743
79.60365,192.8978,129.884,-605.3522
79.61347,193.4211,129.3601,-605.5729
79.6233,193.6468,129.7342,-605.194
79.63313,193.8707,129.2856,-605.568
79.64292,193.3454,129.2846,-605.4241
79.65272,193.8705,129.0615,-605.8688
79.66254,193.5687,128.8353,-605.573
79.67236,194.0907,128.3847,-605.1937
79.68219,194.0164,128.5346,-605.194
79.69199,194.014,128.0842,-605.0456
79.70181,194.0876,127.7842,-605.0458
79.71164,193.6361,127.9311,-604.1505
79.72144,194.0111,127.7823,-604.4467
79.73126,194.0089,127.4067,-604.223
79.74109,194.4577,127.1819,-604.1436
79.75088,194.0808,126.7318,-604.2245
79.76071,194.6785,126.2073,-604.2195
79.77054,194.5282,126.3561,-603.8457
79.78037,194.5253,125.7558,-603.7729
79.79016,194.5249,126.2029,-602.7963
79.79999,194.4491,125.9781,-602.873
79.80982,194.8217,125.528,-602.7202
79.81961,195.0469,125.5284,-602.7927
79.82944,194.6722,125.6776,-602.6464
79.83923,195.4967,125.3795,-603.013
79.84906,194.7493,125.904,-603.0947
79.85886,195.1228,125.6042,-603.0165
79.86865,195.6454,124.7812,-603.5384
79.87848,195.1972,125.6036,-602.7906
79.88827,195.7948,125.0791,-602.7856
79.8981,195.1954,125.4522,-602.3412
79.9079,195.8661,124.2542,-602.7877
79.91772,195.4158,124.5518,-602.1169
79.92755,195.5639,124.8481,-600.8391
79.93735,195.9366,123.8759,-601.6632
79.94717,196.0103,123.8744,-601.1373
79.95697,195.8611,124.0245,-601.2136
79.9668,196.1611,123.8009,-601.5859
79.97662,195.7109,123.7257,-601.6663
79.98642,195.7854,123.6505,-601.5907
79.99625,195.7844,123.5001,-601.4412
80.00607,196.4584,123.4996,-601.0585
80.01587,195.71,123.7246,-601.2913
80.0257,195.8588,123.7979,-600.6894
80.03552,196.3806,122.8248,-601.1367
80.04532,195.8589,123.9472,-600.4639
80.05515,196.4565,123.199,-600.8345
80.06494,196.081,122.9743,-601.0646
80.07477,196.4543,122.9726,-600.3854
80.0846,196.4546,122.8237,-600.7609
80.09439,196.3766,122.4471,-600.2382
80.10422,196.4509,122.4463,-599.9373
80.11404,196.2258,122.819,-599.2636
80.12384,196.2254,122.8931,-598.9633
80.13367,195.9248,122.9667,-598.5915
80.14349,196.5963,122.068,-598.812
80.15329,196.3683,121.6912,-598.2909
80.16312,196.0719,122.4412,-598.3667
80.17294,196.4438,121.9156,-598.0642
80.18274,195.9186,121.9149,-597.9953
80.19257,195.7695,122.2888,-597.6956
80.20239,195.9914,121.4648,-597.921
80.21222,195.7682,122.2873,-597.1707
80.22202,196.141,121.912,-596.9427
80.23184,195.6894,121.6113,-596.874
80.24167,195.0154,121.9102,-596.7307
80.25146,195.539,121.4614,-596.9512
80.26129,194.8625,121.6828,-595.9833
80.27112,194.412,121.6071,-595.9137
80.28095,195.5336,120.9328,-595.7532
80.29074,195.3072,120.7071,-595.6065
80.30057,195.2319,120.6321,-595.6077
80.3104,194.7822,121.1541,-594.7859
80.32022,194.4819,121.0043,-594.94
80.33005,194.6311,121.0035,-594.6382
80.33984,194.5558,120.8539,-594.7896
80.34967,194.6315,120.631,-595.4645
80.35947,194.0333,121.5277,-594.5683
80.36929,194.628,120.1047,-595.0165
80.37912,193.9562,120.9283,-594.7963
80.38895,194.7017,120.1032,-594.4906
80.39877,193.802,120.2518,-594.3504
80.40857,194.027,120.5505,-593.8218
80.4184,193.9513,120.5495,-593.5227
80.42822,193.2011,120.9961,-592.6298
80.43805,193.7249,120.3984,-593.2258
80.44788,193.7227,119.7991,-593.4529
80.45767,193.8718,120.0965,-592.5502
80.4675,193.6476,119.6497,-593.6793
80.47733,193.0495,120.3973,-593.0836
80.48712,193.6476,119.9481,-593.1533
80.49695,193.4971,119.5743,-593.6063
80.50677,193.4971,119.6488,-593.4561
80.51657,193.3489,120.0239,-593.5314
80.5264,193.4981,120.1723,-592.9292
80.53622,193.1235,120.3962,-592.7078
80.54602,192.9717,119.9463,-592.7861
80.55585,193.7185,119.2718,-592.7048
80.56567,193.6448,119.5717,-592.7047
80.57547,193.1949,120.0936,-591.8079
80.5853,193.266,118.97,-592.2611
80.59509,192.9678,119.7925,-591.5116
80.60492,193.3397,119.267,-591.2092
80.61472,193.2635,119.0417,-591.1359
80.62454,192.7409,119.8646,-590.614
80.63434,192.3634,119.5629,-590.1694
80.64416,192.1371,119.5611,-589.647
80.65399,192.5847,118.8126,-590.0194
80.66382,192.2831,118.6612,-589.6485
80.67366,191.9837,119.4076,-588.5243
80.68345,191.9068,118.7338,-588.9775
80.69328,191.3832,119.4811,-588.231
80.70311,191.6049,118.6567,-588.3813
80.71293,191.4561,118.9564,-588.307
80.72273,191.1554,119.1045,-587.7849
80.73256,190.4812,119.1048,-588.0927
80.74238,190.5554,119.1785,-587.6415
80.75221,190.6302,118.8799,-588.0917
80.76204,190.1061,119.0296,-588.1722
80.77183,189.5824,119.3291,-588.1772
80.78166,190.1059,118.5819,-588.9238
80.79149,189.7304,118.8793,-588.1771
80.80131,189.7298,118.5802,-588.4781
80.81114,188.8293,118.877,-587.7374
80.82094,189.0543,118.8773,-587.7348
80.83076,188.7545,118.8772,-587.8133
80.84059,188.5303,119.1763,-587.5898
80.85042,188.7532,118.1297,-588.6409
80.86024,188.828,118.1295,-588.565
80.87004,188.7527,118.0544,-588.5662
80.87987,188.977,117.9047,-588.5641
80.88969,188.6776,118.278,-588.1163
80.89952,188.5288,118.4286,-588.3425
80.90935,188.0077,119.5517,-587.8945
80.91914,188.3798,118.6534,-588.3434
80.92897,187.5561,119.0272,-588.2015
80.9388,187.8561,119.102,-588.0479
80.94862,188.3028,117.9049,-588.8719
80.95845,188.3061,118.6549,-588.8692
80.96827,188.3028,117.4574,-589.6985
80.9781,187.4813,118.6543,-588.9537
80.9879,187.2551,118.205,-589.2579
80.99772,187.7036,117.7561,-589.4793
81.00755,187.3292,118.1294,-589.0323
81.01738,186.9552,118.3541,-589.0358
81.0272,186.7268,117.9768,-588.3648
81.037,186.6543,118.8749,-587.7625
81.04683,187.4005,117.3045,-589.0344
81.05665,186.7272,118.0518,-588.3646
81.06648,186.9498,117.527,-588.3638
81.07631,186.8007,117.6026,-588.5902
81.08613,186.4244,117.8245,-587.6937
81.09593,186.4997,117.3773,-588.5944
81.10576,187.4712,116.7773,-588.2854
81.11558,186.6496,117.825,-587.7662
81.12541,186.7986,117.6001,-587.7653
81.13524,186.5754,117.8258,-588.067
81.14506,186.7242,117.3023,-588.5171
81.15489,187.2481,116.7048,-589.1882
81.16472,187.5481,116.7796,-589.0345
81.17451,187.3982,116.9288,-588.8107
81.18434,186.8759,117.5283,-588.8146
81.19417,186.9503,117.3784,-588.8143
81.20396,187.8501,116.857,-589.7057
81.21379,187.925,117.0807,-589.2541
81.22358,187.8511,117.082,-589.705
81.23338,187.8535,117.1594,-590.5297
81.24321,188.3038,116.7126,-591.426
81.253,188.5278,116.4133,-591.5745
81.26283,188.754,116.2657,-592.3224
81.27263,188.7547,116.6396,-591.9461
81.28245,188.9821,116.7173,-592.7682
81.29225,188.9814,116.7909,-592.318
81.30205,188.9069,117.1645,-591.8675
81.31187,188.5334,117.2405,-592.3215
81.32167,189.2055,116.5664,-592.3912
81.3315,189.0564,117.0149,-591.9413
81.34129,189.2045,116.3414,-592.392
81.35109,189.3546,116.267,-592.5405
81.36091,189.6512,115.8157,-592.0137
81.37071,190.1765,116.0403,-591.7068
81.38051,190.6275,115.8182,-592.5275
81.39033,190.2518,116.0408,-591.856
81.40013,189.7276,116.4142,-591.4857
81.40996,189.6507,116.0389,-591.4129
81.41975,190.2508,116.1888,-591.1805
81.42958,190.0985,115.2907,-591.8604
81.4394,190.7001,115.6663,-591.8521
81.4492,190.3275,116.1909,-591.8546
81.45903,190.7758,115.8909,-591.7005
81.46885,190.9269,115.5194,-592.8251
81.47865,190.4795,116.0442,-592.9034
81.48848,191.5291,115.5227,-593.7181
81.4983,190.7076,116.4957,-593.3491
81.50813,191.3062,115.8234,-594.0196
81.51793,190.7845,116.1997,-594.6243
81.52775,191.0837,116.1991,-594.3209
81.53758,191.2348,115.9767,-595.1449
81.54741,191.083,115.7506,-594.8474
81.5572,191.6833,115.8262,-594.8403
81.56703,191.9069,115.3026,-595.2145
81.57686,191.4566,115.6001,-594.5437
81.58668,192.1302,115.3753,-594.3867
81.59648,192.2031,114.9254,-594.3875
81.60631,192.5764,114.9237,-593.7081
81.61613,192.2781,115.373,-593.5601
81.62593,192.5779,115.373,-593.4816
81.63575,193.102,114.9249,-593.9271
81.64558,192.8767,115.1481,-593.4039
81.65541,193.6257,114.7747,-593.6966
81.6652,193.4753,114.4757,-594.0744
81.67503,194.15,114.6998,-593.5409
81.68486,194.3746,114.4011,-593.9144
81.69469,194.373,114.5484,-593.0139
81.70448,194.3741,114.5498,-593.4638
81.71431,194.0008,114.9244,-593.4668
81.72414,194.7495,114.6251,-593.4592
81.73396,195.1998,114.3276,-594.1301
81.74379,195.5736,114.1773,-593.9014
81.75359,195.7242,114.3274,-593.8991
81.76341,195.7995,114.1786,-594.2737
81.77324,196.0992,114.1039,-594.2706
81.78307,196.3251,114.0307,-594.7932
81.79286,196.2513,114.3304,-594.718
81.80269,196.3991,113.8058,-594.7931
81.81251,196.6256,114.2553,-594.5639
81.82234,196.8499,114.1055,-594.5619
81.83217,197.0741,113.8064,-594.7853
81.84196,197.6742,113.9563,-594.5529
81.85179,197.7472,113.4319,-594.7039
81.86162,197.3755,114.3306,-594.4051
81.87141,198.4962,113.133,-594.8463
81.88124,198.6478,113.6573,-594.5428
81.89107,198.946,113.2823,-594.4657
81.90089,199.0962,113.0591,-594.9897
81.91069,198.8727,113.5082,-594.7657
81.92052,199.0221,113.5822,-594.3887
81.93034,199.474,113.8087,-594.7577
81.94014,199.8481,113.3605,-595.205
81.94997,199.7728,113.2108,-595.3564
81.95979,199.923,113.5096,-594.9036
81.96962,200.2965,112.9113,-595.3514
81.97942,199.8484,113.2861,-595.4302
81.98924,200.6721,113.1363,-595.1964
81.99907,200.8217,112.8375,-595.5707
82.0089,201.1211,112.9117,-595.192
82.01869,201.2724,113.2118,-595.1891
82.02852,200.8965,113.2104,-594.8185
82.03835,202.0952,112.464,-595.6323
82.04817,202.0956,112.6883,-595.4065
82.05797,202.3202,112.6881,-595.254
82.0678,203.2198,112.4646,-595.4694
82.07762,202.9936,112.6122,-594.7214
82.08745,203.6681,112.3139,-595.0897
82.09728,203.8175,112.4625,-594.5625
82.10707,204.5659,112.2375,-594.3297
82.1169,204.3435,112.9864,-594.0297
82.12672,204.7925,112.7619,-594.0253
82.13655,205.9175,112.9868,-593.6365
82.14635,206.4407,112.2391,-594.2332
82.15617,206.8922,112.9128,-593.6255
82.166,207.1145,112.313,-593.6251
82.17583,207.5665,112.838,-593.4681
82.18565,208.3909,112.689,-593.5341
82.19545,208.3164,113.2862,-592.6329
82.20528,209.2883,112.6122,-592.6241
82.2151,209.2132,112.7612,-592.3244
82.22493,209.738,112.836,-592.0931
82.23473,210.1115,112.4616,-592.1652
82.24455,210.8605,112.8342,-591.1053
82.25438,211.1585,112.086,-591.6294
82.26421,211.6856,112.6859,-591.3962
82.274,212.0612,112.9108,-591.2411
82.28383,212.6591,112.2375,-591.6116
82.29363,212.7339,112.3119,-591.3855
82.30342,213.4834,112.1628,-591.4524
82.31325,213.334,112.3872,-591.3033
82.32304,214.0072,112.4604,-590.4703
82.33284,214.3073,112.4607,-590.4669
82.34267,214.9072,112.4613,-590.46
82.35246,215.5796,112.0113,-590.2288
82.36229,215.4294,112.0854,-590.0052
82.37212,216.5515,111.7847,-589.3934
82.38191,217.0012,111.6356,-589.5388
82.39174,216.927,111.8603,-589.4639
82.40157,217.6011,111.7853,-589.2314
82.41139,218.2018,112.1597,-588.8481
82.42119,218.7262,111.9357,-588.9929
82.43102,218.8756,111.9352,-588.7662
82.44084,219.1762,112.2346,-588.4617
82.45067,220.299,111.4124,-589.0517
82.46047,220.3711,111.1107,-588.4518
82.47029,221.1201,111.1849,-587.918
82.48012,221.7928,111.0335,-587.2358
82.48994,221.5666,111.3304,-586.2624
82.49974,221.8643,111.1041,-585.7347
82.50957,222.2392,111.552,-584.9039
82.51939,222.4634,111.7004,-584.3007
82.52919,222.3887,112.1483,-583.625
82.53902,223.1353,111.772,-582.9428
82.54884,223.583,111.4713,-582.5637
82.55867,224.0308,111.3199,-581.959
82.56847,224.7787,111.0943,-581.5013
82.57829,224.4048,111.8412,-580.6029
82.58812,225.3011,111.3901,-579.9193
82.59795,225.4522,111.69,-579.8414
82.60774,225.8244,111.314,-579.3884
82.61757,226.1243,111.5379,-578.9342
82.6274,226.275,111.9865,-578.4059
82.63722,226.1989,112.1344,-577.7313
82.64702,226.8747,112.0614,-578.1738
82.65684,227.0993,112.4341,-577.3448
82.66667,227.3987,112.2844,-577.3419
82.67648,227.324,112.7323,-576.6663
82.6863,227.3967,112.8042,-575.6151
82.69613,227.3265,113.9289,-575.537
82.70593,228.2217,113.0289,-575.2299
82.71575,228.4464,113.551,-574.1754
82.72558,228.2221,114.3721,-572.9752
82.73538,228.297,114.8197,-572.1478
82.7452,228.2973,114.9693,-571.9973
82.75503,228.9701,114.8927,-571.2397
82.76483,228.5965,115.4908,-570.717
82.77465,228.7461,115.7889,-570.0392
82.78448,229.1946,115.862,-569.2838
82.79431,229.1959,116.6096,-568.4561
82.8041,229.195,116.9069,-567.5552
82.81393,229.1966,117.1325,-567.7793
82.82376,228.898,118.3275,-566.2036
82.83358,228.5975,118.1029,-566.4328
82.84341,228.7457,117.9517,-565.9816
82.8532,229.1958,118.6235,-564.774
82.86303,228.7478,119.0731,-564.7776
82.87286,228.5984,119.745,-563.8021
82.88269,228.5978,119.7443,-563.577
82.89248,228.2237,120.2672,-562.9796
82.90231,228.3744,120.6412,-562.6015
82.91214,227.55,121.387,-561.4834
82.92196,227.8511,121.7616,-561.2536
82.93176,227.3255,122.0588,-560.5086
82.94158,227.249,121.7586,-560.4355
82.95141,227.398,121.5337,-560.4346
82.96121,227.1729,122.0555,-559.4603
82.97103,226.7977,122.055,-559.3897
82.98086,226.3485,122.3539,-559.1688
82.99069,226.5736,122.8018,-558.4146
83.00048,225.7489,123.0997,-557.9731
83.01031,225.5233,123.5463,-556.9241
83.02014,225.448,123.6951,-556.5494
83.02993,225.0727,123.9927,-555.8777
83.03976,224.9965,123.9913,-555.4286
83.04959,224.4718,124.6624,-554.3073
83.05938,224.3221,124.4388,-554.8348
83.06921,224.4685,123.6888,-554.7607
83.07904,223.5686,123.8372,-554.5456
83.08886,223.7166,123.0889,-555.0715
83.09866,222.892,123.0886,-555.231
83.10849,221.9885,122.2629,-555.3193
83.11831,222.6647,122.4143,-555.5359
83.12814,222.0655,122.7876,-555.1666
83.13793,221.9118,121.291,-556.3735
83.14776,222.3638,121.9653,-555.991
83.15759,222.2114,121.5147,-555.8443
83.16741,222.2119,121.3661,-556.2948
83.17721,222.212,121.5154,-556.0693
83.18704,222.1364,121.5892,-555.6949
83.19686,221.986,121.5886,-555.5466
83.20666,221.689,122.4124,-555.2472
83.21649,221.3136,122.71,-554.5754
83.22631,220.7897,123.1584,-554.2049
83.23614,221.1649,123.159,-554.2755
83.24594,220.19,123.4565,-553.7608
83.25576,220.414,123.5301,-553.2329
83.26559,220.4133,123.0817,-553.7595
83.27539,220.6396,123.8294,-552.9293
83.28521,220.3376,123.603,-552.5585
83.29504,219.6654,124.4262,-552.1884
83.30487,219.9621,123.602,-552.3379
83.31466,219.366,124.7996,-551.7405
83.32449,219.1385,124.7964,-550.7682
83.33432,219.3629,124.1991,-551.5927
83.34414,219.1391,124.4241,-551.6694
83.35394,218.8394,124.6479,-551.3721
83.36376,218.1654,125.1707,-550.8531
83.37359,218.0147,124.7967,-551.2311
83.38339,217.941,125.0966,-551.2309
83.39321,217.4163,125.3202,-550.9361
83.40304,217.1179,125.7695,-550.788
83.41287,216.4455,126.3686,-550.7186
83.42269,216.6698,126.5172,-550.1905
83.43249,216.2221,127.1909,-549.8933
83.44232,216.4453,126.7413,-549.9673
83.45214,216.1464,126.817,-550.2705
83.46197,215.0974,127.7123,-549.0794
83.4718,215.9968,127.3396,-549.5203
83.48159,215.3238,127.565,-549.9023
83.49142,215.0997,128.0135,-549.4533
83.50125,214.874,127.8633,-549.4564
83.51107,214.4255,128.6851,-548.5588
83.52087,214.4271,128.7617,-549.0834
83.53069,213.7531,129.5081,-548.1136
83.54052,213.7537,129.7327,-547.9628
83.55035,213.5275,129.2088,-548.4172
83.56018,213.3045,130.0315,-547.7419
83.56997,212.8536,129.5824,-548.1987
83.5798,212.629,130.0302,-547.5247
83.58959,212.4804,130.1064,-547.9761
83.59939,211.6546,129.9554,-547.9111
83.60922,211.8029,129.8044,-547.535
83.61901,211.7293,129.8059,-548.0608
83.62884,210.7544,130.2527,-547.3205
83.63864,211.652,129.1317,-548.364
83.64843,210.752,128.7579,-549.0508
83.65826,210.5999,128.233,-549.1293
83.66809,210.9004,128.0101,-549.7266
83.67789,209.7771,128.6824,-549.2122
83.68772,209.9993,127.6349,-549.9633
83.69754,209.6246,127.7095,-549.9673
83.70734,209.6234,127.5589,-549.7429
83.71717,209.0233,127.4089,-549.9753
83.72699,208.4999,127.9325,-549.6795
83.73682,208.3477,127.1837,-550.1339
83.74662,208.4976,126.8855,-550.6582
83.75644,207.8246,127.5585,-550.2136
83.76627,207.2989,127.3334,-550.3704
83.77607,207.2242,127.4829,-550.2208
83.78589,207.1466,126.7337,-550.5243
83.79572,206.5495,127.4079,-550.4538
83.80552,206.3217,126.6584,-550.684
83.81534,206.3233,127.1079,-550.5325
83.82517,205.4233,127.1071,-550.5428
83.835,205.1246,127.1829,-550.921
83.84479,204.974,127.6296,-549.8712
83.85462,205.1254,127.5568,-550.5447
83.86445,204.7505,127.6312,-550.4737
83.87424,204.3016,128.0796,-550.1023
83.88407,204.3018,127.7814,-550.7033
83.89389,203.6267,127.8553,-550.5609
83.90369,203.4028,128.0801,-550.5626
83.91352,203.2547,128.679,-550.2623
83.92334,202.4315,129.2026,-550.0449
83.93314,202.0573,129.1286,-550.4995
83.94297,201.5321,129.2024,-550.2802
83.95279,201.5331,129.2035,-550.6552
83.96259,201.0106,130.0266,-550.2083
83.97242,201.2355,129.9521,-550.281
83.98224,200.4858,129.7279,-550.8154
83.99204,200.1883,130.3274,-550.7417
84.00187,200.0377,129.8043,-551.4203
84.01169,199.0646,130.477,-550.9792
84.02149,198.0902,130.4767,-551.2153
84.03132,198.543,130.8535,-551.6588
84.04114,197.9446,131.377,-551.3638
84.05094,198.02,131.0791,-552.0391
84.06077,197.7209,131.3784,-551.8914
84.07059,197.1234,131.9776,-551.8212
84.08042,196.8251,132.1284,-552.1992
84.09022,196.4518,132.7269,-551.8263
84.10004,196.0781,132.8027,-552.2054
84.10987,195.7051,133.103,-552.4336
84.11966,195.3306,133.1779,-552.5126
84.12949,194.5844,133.9276,-552.6686
84.13932,194.8835,133.4792,-553.1167
84.14911,194.8842,133.1817,-553.9427
84.15894,194.5846,133.4057,-553.7204
84.16874,194.5101,133.3316,-554.0215
84.17856,193.7629,134.0056,-553.9528
84.18839,193.9128,133.8564,-554.1765
84.19822,194.0635,133.6336,-554.8506
84.20801,193.9132,133.4094,-555.1531
84.21784,193.5393,133.261,-555.8329
84.22767,192.8657,133.7097,-555.6141
84.23746,192.792,133.7858,-555.9897
84.24729,193.317,132.7419,-557.8623
84.25712,193.3178,132.9667,-557.7865
84.26691,193.2456,133.0445,-558.7621
84.27674,193.3192,132.5207,-559.138
84.28657,192.7979,133.4198,-558.9909
84.29636,193.5473,132.9723,-559.5839
84.30619,193.4727,133.0472,-559.5844
84.31601,193.4738,133.1231,-559.8842
84.32584,193.3265,133.6484,-560.0341
84.33564,193.4031,133.8742,-560.2573
84.34546,193.1031,133.5009,-560.9371
84.35529,193.4789,133.4276,-561.383
84.36509,193.4806,133.3551,-562.2083
84.37491,193.7819,133.4315,-562.5795
84.38474,194.0061,132.834,-563.329
84.39454,194.3069,132.9845,-563.4001
84.40436,193.935,133.2862,-564.0782
84.41419,193.9372,133.6618,-564.3019
84.42398,193.5642,134.4845,-563.6283
84.43381,193.7139,133.4398,-565.3553
84.44364,194.3144,133.5156,-565.4231
84.45343,194.6899,133.5912,-565.4935
84.46326,194.2428,134.1164,-565.7219
84.47306,194.694,134.0436,-566.3169
84.48288,194.8444,133.8951,-566.7657
84.49271,194.6225,134.4954,-566.9161
84.50251,194.8463,133.8974,-567.5157
84.51233,194.9996,134.7221,-567.361
84.52216,195.1513,134.8734,-567.7338
84.53196,195.3015,134.4262,-568.6335
84.54178,194.5534,134.8753,-568.5656
84.55161,195.604,134.6533,-569.2293
84.56141,195.7563,135.3275,-568.9252
84.57123,196.2082,135.3302,-569.67
84.58106,196.2096,135.4811,-569.9694
84.59086,196.3596,135.4813,-569.9677
84.60068,196.1385,136.2317,-570.1926
84.61051,196.3641,136.2326,-570.415
84.62031,196.4407,136.4583,-570.6384
84.63013,196.3698,137.1346,-571.0868
84.63996,196.6698,136.7619,-571.7596
84.64976,196.5213,137.2111,-571.5348
84.65958,196.6716,137.0624,-571.9086
84.66938,196.8971,137.0633,-572.131
84.67923,196.8254,137.8878,-571.9789
84.68906,197.2727,137.4373,-571.6754
84.69886,196.6773,138.2628,-572.0543
84.70868,197.6507,137.7397,-572.345
84.71848,197.5007,137.7396,-572.3467
84.72827,197.4289,138.4893,-572.2699
84.7381,197.0543,138.1909,-572.9502
84.74793,197.5036,138.2652,-572.5698
84.75776,197.7291,137.8184,-573.5438
84.76755,197.879,137.9676,-573.2415
84.77738,197.8046,137.8937,-573.6176
84.7872,197.9561,138.194,-573.6899
84.797,197.955,138.0436,-573.5404
84.80683,198.4068,138.5683,-573.3084
84.81665,198.0338,139.0925,-573.1608
84.82648,198.0347,139.1682,-573.3856
84.83628,198.1114,139.2448,-573.9094
84.8461,198.1107,138.7219,-574.5862
84.85593,199.3844,138.3486,-574.7228
84.86576,199.2369,138.8736,-574.7977
84.87555,199.7605,138.2757,-575.3188
84.88538,199.163,138.9495,-575.0983
84.89521,199.6895,139.3247,-575.016
84.90503,200.2882,138.6523,-575.6865
84.91483,200.0633,138.7269,-575.6138
84.92466,200.2151,139.1768,-575.5355
84.93448,200.5884,138.5783,-575.9082
84.94431,200.6625,138.5027,-575.6827
84.95411,200.2899,139.2512,-575.3093
84.96393,200.7405,139.1032,-575.8296
84.97376,201.1881,138.3548,-576.2021
84.98358,201.1874,137.9064,-576.7287
84.99338,201.1866,137.6816,-576.8045
85.00321,201.7129,137.9821,-576.7974
85.01303,201.0394,138.7292,-576.0525
85.02286,201.1892,138.7291,-575.9758
85.03266,201.9384,137.8337,-577.2454
85.04248,201.714,138.1326,-576.9468
85.05231,202.1647,138.1339,-577.2417
85.06214,201.1909,138.8057,-576.5005
85.07193,202.4637,137.9837,-577.0888
85.08176,201.9394,137.9841,-577.3947
85.09159,202.1649,138.2087,-577.1664
85.10141,202.7647,137.8361,-577.7608
85.11124,202.0155,138.4331,-577.0173
85.12107,202.0889,138.282,-576.642
85.13086,201.4931,139.1071,-576.871
85.14069,201.9396,138.4319,-576.6432
85.15052,202.0901,138.0597,-577.5428
85.16034,201.7148,138.3573,-576.8711
85.17017,201.7907,138.4331,-577.095
85.17996,201.8636,137.8338,-577.3212
85.18979,201.5651,138.2083,-577.2484
85.19962,201.7142,138.0582,-577.1722
85.20945,201.4149,138.4318,-576.7993
85.21924,201.2643,138.2817,-576.8015
85.22907,200.9664,139.2537,-575.9015
85.2389,202.0892,138.4316,-576.4915
85.24872,201.8615,137.7568,-576.6465
85.25855,202.0889,138.282,-576.642
85.26834,202.3866,137.5337,-577.0912
85.27817,202.0863,137.8313,-576.4186
85.288,202.3861,137.533,-576.8663
85.29782,202.163,137.8334,-577.0928
85.30762,202.6128,137.7591,-577.1628
85.31745,202.238,137.8335,-577.0919
85.32727,202.5372,137.9075,-576.6382
85.3371,202.536,137.3838,-577.09
85.34693,203.0603,137.0852,-577.385
85.35672,203.2856,137.3841,-576.9314
85.36655,203.0603,137.2343,-577.0845
85.37638,202.911,137.608,-576.71
85.3862,203.2836,136.8595,-577.0833
85.39603,203.0612,137.5339,-576.9335
85.40586,203.7339,136.935,-577.0778
85.41568,203.7329,136.71,-577.0786
85.42548,204.033,136.785,-576.9999
85.43531,204.1836,137.0843,-576.6971
85.44513,204.5573,136.7101,-576.8442
85.45493,203.8047,136.2587,-576.6293
85.46475,204.5576,136.5612,-577.2197
85.47458,204.4058,136.7081,-576.2459
85.48438,204.9293,136.0355,-576.8423
85.4942,204.629,136.2586,-576.3199
85.50403,204.8535,136.109,-576.3928
85.51383,204.7792,136.4828,-576.0174
85.52365,205.1527,136.4814,-575.4131
85.53348,205.5266,136.0329,-575.7853
85.54328,205.2258,136.1062,-575.3386
85.5531,205.075,136.2543,-574.7397
85.56293,204.9246,136.3282,-574.4412
85.57273,205.5978,136.103,-574.1343
85.58255,205.372,135.5796,-574.7387
85.59238,205.3726,136.1026,-574.0619
85.60218,205.4444,135.3529,-574.1387
85.612,204.8476,136.475,-573.3916
85.62183,205.3683,135.6499,-573.1635
85.63163,205.2953,136.0998,-573.1628
85.64145,205.2911,135.6471,-572.2645
85.65128,205.366,135.3487,-572.7896
85.66111,205.4402,135.4225,-572.3386
85.6709,205.5138,135.3462,-571.8879
85.68071,205.513,134.9723,-572.2643
85.69054,205.5113,135.0448,-571.439
85.70033,205.1376,135.4936,-571.1417
85.71016,205.06,135.0428,-570.9192
85.71996,204.8348,135.0424,-570.8468
85.72978,204.386,135.5656,-570.4001
85.73961,204.6093,135.3399,-570.0983
85.74941,204.6065,134.5906,-570.326
85.7592,204.3817,134.889,-569.8775
85.76903,203.8561,134.9624,-569.5084
85.77882,203.781,135.1114,-569.2087
85.78862,203.6297,135.1097,-568.6854
85.79845,203.703,134.8093,-568.5356
85.80824,203.8518,134.5842,-568.4597
85.81807,203.2524,134.9573,-568.0153
85.8279,202.8781,135.7038,-566.967
85.83769,202.8047,136.2278,-566.666
85.84752,202.8006,135.104,-567.045
85.85735,202.5761,135.5519,-566.446
85.86714,202.4995,135.3262,-566.2227
85.87697,202.1245,135.3258,-566.227
85.8868,201.526,136.2221,-565.1807
85.89662,202.0495,135.7733,-565.4012
85.90645,201.9742,136.0711,-564.7261
85.91625,201.4508,136.5947,-564.4303
85.92607,201.0003,136.743,-563.9849
85.9359,201.0006,136.8925,-563.8344
85.94572,200.3989,136.5915,-563.6924
85.95552,200.9996,136.593,-563.9855
85.96535,200.547,135.9925,-563.9927
85.97517,200.3974,136.1422,-563.9189
85.985,200.6212,135.5442,-564.5185
85.9948,200.021,135.767,-563.9996
86.00462,200.0221,135.7684,-564.4496
86.01445,200.0211,135.8418,-563.9243
86.02425,199.3457,135.9153,-563.6318
86.03404,199.0461,136.2138,-563.2593
86.04387,199.1197,135.317,-564.3115
86.0537,199.1944,135.5406,-563.7849
86.06349,198.67,135.4662,-564.1662
86.07332,198.6705,135.6905,-563.9404
86.08315,198.3697,135.3163,-564.3202
86.09297,198.0701,135.764,-563.647
86.10277,198.4433,135.091,-564.1702
86.1126,197.545,135.9126,-563.3526
86.12242,197.619,135.6877,-563.3525
86.13225,197.5441,135.7624,-563.2781
86.14204,197.6941,135.5387,-563.6522
86.15187,197.5417,135.0881,-563.5054
86.1617,197.5421,135.3869,-563.1295
86.17152,195.9669,135.1613,-563.4484
86.18132,197.3177,135.2383,-563.6575
86.19112,197.0177,135.611,-562.9847
86.20094,196.268,135.9089,-562.5422
86.21077,196.4189,135.8356,-563.0659
86.2206,196.1179,135.9833,-562.3937
86.23039,195.9684,136.2075,-562.1697
86.24022,195.9689,136.2082,-562.3947
86.25005,195.2946,136.432,-562.2516
86.25984,195.144,136.4312,-562.0283
86.26967,194.9208,136.6569,-562.3301
86.2795,194.3205,136.8797,-561.8113
86.28932,194.769,136.5054,-561.8824
86.29912,193.7954,137.1029,-561.3665
86.30895,194.3943,136.6546,-561.7362
86.31877,193.72,137.1024,-561.2174
86.3286,193.2703,137.3261,-560.9218
86.33839,193.4922,136.4274,-561.2974
86.34822,193.1941,137.1007,-560.8484
86.35805,192.9682,136.9503,-560.7766
86.36787,192.22,136.877,-561.6105
86.37767,192.6674,136.4268,-561.3818
86.3875,192.2189,137.025,-560.9349
86.39732,191.9196,137.1747,-560.9378
86.40712,191.2438,137.0984,-560.7209
86.41695,190.721,137.9211,-560.1241
86.42677,190.4211,137.9956,-560.0522
86.4366,190.3457,137.6221,-560.5793
86.4464,189.8212,137.9205,-560.2094
86.45622,189.5944,137.6943,-559.9128
86.46605,189.2946,137.3958,-560.5173
86.47585,189.2211,137.9944,-560.066
86.48567,188.7716,137.8453,-560.5217
86.4955,188.1695,137.9168,-559.5533
86.5053,188.6936,137.3941,-560.1492
86.51512,188.0228,138.4428,-559.9282
86.52495,187.7244,138.6682,-560.1559
86.53474,188.1708,137.6945,-560.4542
86.54457,187.9458,137.6943,-560.4568
86.5544,187.797,138.1433,-560.1569
86.56419,187.1234,138.5172,-560.0133
86.57402,187.1963,138.1418,-559.8638
86.58385,186.9713,137.7686,-560.5427
86.59367,187.1953,137.5438,-560.5409
86.60347,186.5207,137.5436,-560.6986
86.6133,186.446,137.6931,-560.5489
86.62312,186.5218,137.9179,-560.4724
86.63292,185.9224,138.2165,-560.1782
86.64275,186.2966,137.6936,-560.7757
86.65257,185.9199,137.2437,-560.9316
86.66237,186.0729,137.9934,-560.7772
86.67216,186.3706,137.3196,-561.0761
86.682,186.071,137.0959,-561.6054
86.6918,185.8459,137.2448,-561.3075
86.70163,185.622,137.3205,-561.6098
86.71142,185.8467,137.4695,-561.2317
86.72122,185.4724,137.3208,-561.7615
86.73105,185.1004,138.3684,-561.0871
86.74084,185.3983,137.6948,-561.461
86.75064,185.5486,137.5461,-561.8348
86.76046,185.3964,137.3196,-561.3873
86.77026,185.3218,137.2454,-561.6885
86.78009,185.2462,137.0953,-561.6899
86.78991,185.3236,137.8443,-561.3114
86.79974,184.7235,137.7689,-561.3935
86.80954,184.7235,138.0673,-560.8675
86.81936,184.5741,138.3663,-560.5681
86.82919,183.9774,139.3393,-560.1216
86.83899,184.7238,138.2169,-560.7169
86.84881,184.4994,138.0683,-561.2451
86.85864,184.0492,138.4406,-560.499
86.86844,183.7492,138.1418,-561.0284
86.87826,183.3738,138.2156,-560.7324
86.88809,183.6742,138.1418,-561.0292
86.89789,183.0007,138.9634,-560.1342
86.90771,183.2983,138.1403,-560.6586
86.91754,182.7748,138.5145,-560.5883
86.92733,182.0267,139.262,-559.9943
86.93716,182.9994,138.2159,-560.9618
86.94699,182.7758,138.4411,-561.1135
86.95678,182.6982,138.0649,-560.7407
86.96661,182.548,137.6916,-561.3438
86.97644,182.0258,138.7388,-560.5961
86.98623,182.3237,137.9907,-561.1203
86.99603,181.8763,138.8139,-560.6725
87.00586,182.1747,138.4392,-560.6704
87.01565,182.0981,138.2135,-560.4472
87.02545,181.9498,138.8867,-559.9215
87.03528,181.9476,137.7651,-561.0504
87.0451,181.9492,138.5131,-560.3728
87.05493,180.8983,138.138,-560.6862
87.06473,181.8727,138.2128,-560.2997
87.07455,181.5732,138.6607,-559.7016
87.08438,181.4232,138.1382,-560.6052
87.09417,181.5726,138.3616,-560.0027
87.104,181.2733,138.5858,-559.8553
87.11383,180.9003,139.11,-559.7078
87.12365,181.1245,139.0348,-559.5554
87.13345,180.8257,139.0358,-560.0089
87.14328,180.9009,138.9616,-560.2333
87.15307,181.1987,138.5862,-560.0062
87.1629,180.4498,138.9598,-559.7885
87.17273,180.8971,138.2857,-559.9357
87.18252,180.823,138.0629,-560.6873
87.19235,180.9736,138.3621,-560.3846
87.20218,180.8952,137.6121,-560.3881
87.21197,179.7005,138.96,-560.0971
87.2218,180.2977,138.3604,-560.0173
87.23163,179.6988,138.4357,-560.324
87.24142,179.9231,138.3604,-560.1717
87.25125,179.5497,138.2128,-561.0764
87.26108,179.6243,138.1379,-561.0758
87.2709,179.7745,138.4367,-560.6231
87.2807,179.6249,138.064,-561.4511
87.29052,179.0257,138.6611,-560.7059
87.30035,179.0243,137.8389,-561.6088
87.31018,178.3521,138.6621,-561.2386
87.31997,178.1266,138.4375,-561.467
87.3298,177.7519,138.6613,-561.1705
87.33963,177.7517,138.3626,-561.6216
87.34942,178.1268,138.0648,-562.2183
87.35925,177.9768,138.2137,-561.9196
87.36908,178.0508,137.9888,-561.9195
87.37887,176.9289,138.812,-561.7045
87.3887,177.2302,139.1869,-561.5497
87.39853,176.8542,138.6631,-562.0809
87.40835,176.7795,138.8126,-561.9312
87.41815,176.479,138.737,-561.8599
87.42798,175.5068,139.56,-561.4932
87.4378,175.5067,139.6345,-561.343
87.4476,175.9573,139.4865,-561.8633
87.45743,175.6555,139.111,-561.7932
87.46722,175.4316,139.1122,-562.2456
87.47705,175.2061,139.0367,-562.1735
87.48687,174.457,139.5592,-561.5803
87.49667,174.533,139.1129,-562.781
87.5065,174.532,139.1863,-562.2557
87.51629,173.7091,139.8594,-561.8879
87.52612,173.7841,139.8594,-561.887
87.53595,173.5593,139.7849,-562.1149
87.54574,173.3337,139.5601,-562.2682
87.55557,173.4079,139.2609,-562.4934
87.5654,172.8834,139.1117,-562.95
87.57519,172.8094,139.3367,-562.9501
87.58502,172.8092,138.9635,-563.5514
87.59484,172.4329,139.0361,-562.8804
87.60464,172.1353,139.1133,-563.7086
87.61447,171.7616,139.562,-563.4113
87.62429,171.312,139.7859,-563.1907
87.63412,171.3125,139.3388,-564.1672
87.64392,171.4619,138.9653,-564.6168
87.65374,170.712,139.1139,-564.4
87.66357,170.8611,138.6654,-564.8499
87.67337,170.4126,139.1143,-564.6284
87.68322,169.9633,138.8909,-565.3093
87.69304,169.6635,139.2638,-564.7115
87.70284,170.0373,138.8898,-564.9335
87.71267,169.4403,139.7879,-564.4872
87.72249,169.1391,139.4878,-564.5667
87.73232,168.6911,139.9374,-564.5703
87.74215,167.9399,139.413,-565.0308
87.75197,168.6895,139.0403,-565.5485
87.76177,168.8406,139.2655,-565.5459
87.7716,168.239,138.4424,-566.3808
87.78142,168.5407,138.6686,-566.6765
87.79122,168.3141,138.4427,-566.4548
87.80105,167.8663,138.6686,-566.9092
87.81087,168.0904,138.5931,-566.6819
87.8207,168.0907,138.5936,-566.8319
87.8305,167.7164,138.7432,-566.8357
87.84032,168.0156,138.4442,-567.0583
87.85015,167.4897,138.2187,-567.0651
87.85998,167.8665,138.2213,-567.8108
87.86977,168.0921,138.2222,-568.0332
87.8796,167.4177,138.4461,-567.8902
87.88942,168.0169,138.2219,-567.959
87.89925,167.4932,138.3721,-568.1896
87.90905,167.5692,138.5971,-568.1879
87.91887,167.4177,138.2222,-568.266
87.9287,167.3437,138.4472,-568.2661
87.9385,167.4191,138.2986,-568.7156
87.94832,166.8943,138.6712,-568.1204
87.95815,167.1951,138.8963,-568.0411
87.96798,167.2688,138.2234,-568.7176
87.9778,166.9696,138.4479,-568.6453
87.9876,167.0466,138.898,-568.6429
87.99743,166.5208,138.6727,-568.7247
88.00725,166.3726,139.1969,-568.4995
88.01708,165.773,139.2713,-568.5062
88.02688,165.6246,139.7207,-568.3563
88.0367,166.0731,139.0479,-568.9536
88.04653,165.7019,139.7235,-569.2554
88.05636,165.7006,139.6474,-568.8807
88.06615,165.627,139.7982,-569.181
88.07598,165.8502,139.3486,-569.255
88.08581,165.4006,139.2741,-569.5605
88.09563,165.2511,139.4237,-569.4866
88.10543,166.0007,139.1256,-569.8541
88.11522,164.9556,140.2493,-569.7872
88.12505,164.8031,139.8733,-569.4902
88.13485,165.4772,139.1268,-570.4601
88.14464,165.2529,139.3512,-570.3119
88.15447,165.3262,139.2747,-569.7864
88.16427,164.5046,140.0239,-569.7932
88.17406,164.9535,139.5755,-570.1646
88.18389,165.0271,139.0517,-570.5405
88.19369,164.8017,138.9764,-570.5434
88.20348,164.9537,139.2773,-570.7656
88.21331,164.3543,139.5758,-570.4714
88.2231,164.3547,139.8001,-570.2456
88.2329,163.9803,139.3529,-571.3016
88.24273,164.7286,139.1277,-570.9937
88.25252,164.7289,138.9043,-571.5195
88.26235,163.8288,139.4255,-570.553
88.27218,164.9527,138.6793,-571.4427
88.282,165.3282,138.3819,-572.1894
88.2918,164.7283,138.4561,-572.121
88.30163,165.0275,137.8586,-572.8697
88.31145,164.5051,138.4579,-572.7986
88.32128,164.8062,138.6834,-572.8694
88.33111,164.2832,138.909,-573.2496
88.3409,164.8824,138.2373,-574.1451
88.35073,165.0331,137.7906,-575.1949
88.36055,164.7331,137.6412,-575.4988
88.37038,164.6599,137.9416,-575.6487
88.38021,164.5098,137.7176,-576.0262
88.39,164.3615,138.0925,-576.0266
88.39983,164.8112,137.5704,-576.8482
88.40966,164.5871,138.0188,-576.3992
88.41949,164.2875,137.8698,-576.8532
88.42928,163.8413,138.9183,-576.4796
88.43911,164.8877,137.4977,-577.5976
88.44893,164.8149,137.6494,-578.1979
88.45876,164.7423,138.1743,-578.1968
88.46856,165.0391,137.1264,-578.7972
88.47838,164.5911,137.576,-578.8008
88.48821,165.1154,137.1281,-579.3213
88.49801,164.6675,137.354,-579.7756
88.50783,164.8189,137.6541,-579.7728
88.51766,164.0711,138.1782,-579.7046
88.52749,164.0725,138.702,-579.3278
88.53728,164.97,137.5811,-580.3713
88.54711,164.971,137.5077,-580.8965
88.55694,164.3714,137.806,-580.5275
88.56676,164.5219,137.732,-580.826
88.57659,164.1492,138.3312,-580.6782
88.58642,164.7503,138.2586,-581.2715
88.59621,164.0004,138.2578,-581.2801
88.60604,164.7494,137.959,-581.4225
88.61586,164.3028,138.634,-581.5753
88.62569,164.3763,138.5577,-581.1247
88.63549,164.5997,137.81,-581.7998
88.64531,164.5279,138.4852,-581.8732
88.65514,164.8261,137.812,-582.3972
88.66497,164.0773,138.1856,-582.1796
88.6748,164.603,138.56,-581.7972
88.68463,164.6011,137.6625,-582.6252
88.69442,164.7526,138.1867,-582.3217
88.70425,164.0027,138.1114,-582.4806
88.71408,164.0788,138.262,-582.6291
88.7239,164.5316,138.9372,-582.5466
88.7337,164.0794,138.4865,-582.4784
88.74353,164.5318,138.266,-583.824
88.75335,164.6802,137.9659,-583.7484
88.76318,164.6797,137.8162,-583.8239
88.77297,164.9827,138.2676,-584.1938
88.7828,165.131,137.5943,-584.7195
88.7926,165.1324,138.1927,-584.1923
88.80242,165.283,137.746,-585.2422
88.81222,164.7587,138.1939,-584.7216
88.82205,165.4338,137.8964,-585.3149
88.83187,164.7598,138.2698,-585.0214
88.8417,165.5078,137.5969,-585.4651
88.8515,165.8101,137.6744,-586.2114
88.86132,166.4081,137.4489,-585.8303
88.87115,166.1097,137.6743,-586.0579
88.88095,166.1835,137.1507,-586.5089
88.89077,165.8107,137.899,-586.0605
88.9006,166.1842,137.1516,-586.8089
88.91043,165.9597,137.5996,-586.2099
88.92022,166.3367,137.8261,-586.5798
88.93005,165.8871,138.1991,-586.0586
88.93988,166.7858,137.3033,-587.1764
88.9497,166.5613,137.1544,-587.6295
88.95953,166.6377,137.6039,-587.4021
88.96936,167.0123,137.3053,-587.7739
88.97918,166.4147,138.0536,-587.4031
88.98898,166.5633,137.5299,-587.7782
88.9988,167.0141,137.5312,-588.0731
89.00863,166.9405,137.9805,-587.8473
89.01846,166.7892,137.6058,-588.0004
89.02829,165.9659,138.353,-587.3322
89.03811,166.3439,138.7299,-587.8515
89.04791,167.0929,138.0581,-588.6702
89.05773,166.7929,138.1324,-588.5235
89.06756,166.7932,137.9835,-588.899
89.07739,166.6428,137.9084,-588.9009
89.08718,166.1962,139.1054,-588.0769
89.09701,166.495,138.433,-588.8258
89.10684,167.0948,138.4333,-588.7439
89.11666,166.6454,138.732,-588.4481
89.12649,166.4184,138.5802,-587.9262
89.13632,166.8693,138.9547,-587.6197
89.14611,166.9438,138.6557,-587.9199
89.15594,166.8687,138.4318,-588.2965
89.16577,167.094,138.507,-588.2937
89.17559,167.0942,138.8056,-587.8426
89.18542,167.4674,138.2817,-588.0652
89.19525,167.0937,138.8049,-587.6176
89.20504,166.6438,138.5063,-588.2239
89.21487,167.019,138.8053,-587.7685
89.2247,167.0198,139.1792,-587.3922
89.23452,167.0199,138.881,-587.9932
89.24432,167.395,138.7323,-588.2894
89.25415,167.5442,138.5076,-588.3635
89.26394,167.5448,138.8813,-587.9122
89.27374,167.5462,139.4051,-587.5353
89.28356,167.6934,138.5069,-588.0618
89.29339,167.2451,138.956,-587.9153
89.30319,167.8439,138.7313,-587.8342
89.31301,167.6982,139.8553,-587.532
89.32284,167.921,139.6292,-587.0802
89.33267,167.5456,139.4045,-587.3104
89.34246,168.2213,139.406,-587.6025
89.35229,167.8449,138.8818,-587.9838
89.36212,168.2202,139.3301,-587.3029
89.37194,169.1956,138.9586,-588.118
89.38174,168.3707,139.1071,-587.9019
89.39157,168.8955,139.4803,-587.1445
89.40139,168.447,139.9292,-586.9232
89.41122,168.8195,139.3298,-586.996
89.42105,169.2695,139.2557,-587.141
89.43084,168.6709,139.8535,-586.6209
89.44067,169.7207,139.4068,-587.3604
89.4505,169.1216,139.9294,-586.7654
89.46032,169.569,138.8078,-587.7392
89.47015,169.3452,139.6296,-586.7639
89.47998,170.0195,138.958,-587.6584
89.48977,170.2429,139.1055,-586.7554
89.4996,169.497,140.2287,-586.385
89.50943,169.8694,139.8529,-586.007
89.51922,170.3179,139.404,-586.2285
89.52905,169.7938,139.7776,-585.9332
89.53888,171.3655,138.5071,-586.8946
89.54867,170.5441,139.5549,-586.4503
89.5585,171.5929,138.9577,-587.0403
89.56832,171.8176,138.7338,-587.3386
89.57812,172.0418,138.5838,-587.2615
89.58795,171.8936,139.0334,-587.1866
89.59774,171.8191,139.1832,-587.1119
89.60757,171.9691,139.1833,-587.1102
89.6174,171.5947,139.482,-586.8135
89.62719,172.196,139.9317,-586.5051
89.63702,171.8197,139.1838,-587.337
89.64685,172.497,139.3365,-588.0037
89.65664,172.4202,139.3342,-587.2545
89.66647,172.4949,139.1102,-587.5544
89.67629,172.7971,139.6352,-587.4741
89.6861,173.1723,139.4122,-587.9956
89.69592,172.2737,140.0843,-587.3286
89.70575,173.3973,139.4869,-587.8428
89.71558,172.4254,140.534,-587.1752
89.72537,172.9479,139.7856,-587.5469
89.7352,173.7712,139.0384,-588.215
89.74503,173.7719,139.1884,-588.2145
89.75482,173.8483,139.4139,-588.3629
89.76465,173.3248,140.0121,-587.9167
89.77448,173.8487,139.9367,-587.611
89.78427,174.0723,139.413,-587.9853
89.7941,174.1473,139.4131,-587.9844
89.80393,174.2224,139.5625,-587.758
89.81372,173.8481,140.0851,-587.0854
89.82355,173.9245,140.3852,-587.0835
89.83338,174.0734,140.2349,-586.9324
89.8432,174.2243,140.2361,-587.3057
89.853,174.4467,139.5618,-587.4554
89.86283,174.3007,140.8347,-586.7776
89.87265,175.2018,140.5385,-587.7433
89.88245,175.0497,139.939,-587.9722
89.89228,174.9767,140.6128,-587.5956
89.9021,175.3513,140.0904,-588.3432
89.9119,175.2795,141.5115,-587.064
89.92173,174.9778,140.6887,-587.8954
89.93155,175.131,141.4386,-587.816
89.94135,175.4311,141.2898,-588.113
89.95117,175.6554,140.767,-588.7873
89.961,175.9542,140.9151,-588.0334
89.9708,175.8063,141.2158,-588.334
89.98062,176.031,140.7681,-589.008
89.99042,176.1833,141.4423,-588.7039
90.00025,176.4085,141.2936,-589.0768
90.01004,175.9609,142.1912,-588.4039
90.01987,176.1107,142.042,-588.6276
90.0297,175.3627,142.6404,-588.3342
90.03952,177.1619,141.9698,-589.2158
90.04932,176.937,141.895,-589.3687
90.05914,177.0114,141.8944,-589.1428
90.06897,176.936,141.5955,-589.5197
90.0788,176.788,142.3438,-588.9938
90.08859,177.8367,141.9702,-589.1331
90.09842,177.3874,142.0452,-589.2879
90.10825,177.4597,142.1913,-587.9366
90.11804,177.1632,142.4189,-588.9142
90.12787,176.9388,143.0908,-587.9395
90.1377,177.0132,142.4188,-588.9159
90.14749,177.2377,142.2692,-588.9888
90.15732,177.6139,142.7932,-588.5327
90.16715,177.2395,142.719,-588.9122
90.17694,176.7155,143.3164,-588.2412
90.18677,177.6145,143.0178,-588.382
90.1966,177.1661,143.243,-588.6113
90.20639,177.3907,143.3173,-588.3085
90.21622,177.0914,143.5416,-588.1611
90.22605,177.2419,143.8408,-587.8583
90.23587,177.2427,143.4688,-588.8345
90.24567,177.0184,143.8424,-588.4609
90.25549,177.3923,143.4684,-588.6829
90.26532,177.3925,143.4687,-588.7579
90.27515,177.0194,144.2165,-588.1595
90.28494,177.3188,143.4702,-589.2837
90.29477,177.3934,143.6189,-588.8323
90.3046,177.6924,143.6926,-588.3037
90.31443,176.9436,143.9171,-588.3865
90.32422,177.0199,144.3663,-588.084
90.33405,176.6437,144.1407,-588.0142
90.34387,177.1671,143.468,-588.6105
90.35367,177.6172,143.6177,-588.3798
90.3635,177.4661,143.5417,-588.0818
90.37332,177.2422,143.9904,-587.7078
90.38315,177.5419,143.5427,-588.381
90.39295,177.1687,144.3651,-587.6323
90.40277,177.4666,143.6915,-588.0063
90.4126,177.0187,144.8124,-586.8075
90.42243,177.4666,144.139,-587.1797
90.43222,177.1678,144.3639,-587.2573
90.44205,177.4652,143.9136,-587.0305
90.45188,177.7643,143.4652,-587.4786
90.46167,177.7628,143.4634,-586.8787
90.4715,177.9131,143.6131,-586.7264
90.48133,177.5382,143.4637,-587.0312
90.49112,177.7637,143.8375,-586.5773
90.50095,177.8372,143.4628,-586.6528
90.51078,177.3891,144.2851,-585.905
90.5206,177.3128,144.1344,-585.6815
90.53043,177.4631,143.9111,-586.2055
90.54022,177.6872,143.8356,-585.9782
90.55005,177.986,143.5361,-586.0508
90.55988,177.9106,143.6847,-585.6011
90.56967,178.284,143.3849,-585.5229
90.5795,178.0599,143.5349,-585.6
90.58933,177.9116,144.2827,-584.9241
90.59912,178.3591,143.6088,-585.1463
90.60895,177.0092,144.1298,-584.26
90.61878,178.3575,143.5322,-584.6216
90.62857,177.5356,144.3557,-584.4031
90.6384,178.3585,144.0556,-584.0947
90.64823,178.6557,143.2321,-584.4692
90.65802,178.4329,144.1296,-583.7186
90.66785,178.8086,144.1308,-584.0142
90.67768,179.107,143.6816,-584.1624
90.6875,178.5091,144.6533,-583.2659
90.69729,178.7329,144.1299,-583.7151
90.70712,178.732,144.2781,-583.1147
90.71695,179.0336,144.5786,-583.1851
90.72674,178.6594,144.7285,-583.2639
90.73657,179.1839,144.6537,-583.1831
90.7464,179.0358,145.0288,-583.2585
90.75619,178.8082,144.6525,-582.8875
90.76602,179.1075,144.2043,-583.4106
90.77584,179.4075,144.3539,-583.1816
90.78564,179.4066,144.2783,-582.9569
90.79547,179.2598,145.0279,-582.8809
90.80526,179.6324,144.3539,-583.1041
90.81509,179.5569,144.8009,-582.1284
90.82492,179.7096,145.4756,-581.9742
90.83471,180.157,144.354,-582.948
90.84454,180.1564,144.4279,-582.5727
90.85433,180.1559,144.502,-582.2725
90.86416,180.6082,144.8035,-582.6412
90.87399,180.457,145.0257,-581.7422
90.88378,180.9832,145.1023,-582.1109
90.89361,180.1574,144.9513,-582.0459
90.90344,181.1313,144.8018,-581.8853
90.91323,180.385,146.1481,-580.9141
90.92306,180.833,145.9224,-580.5347
90.93289,181.0567,145.1751,-581.3597
90.94268,181.2809,145.1745,-581.0572
90.95251,181.0544,144.9486,-580.8356
90.96231,180.7554,145.3972,-580.4625
90.97213,181.5047,145.024,-580.8301
90.98196,181.7273,144.7976,-580.3034
90.99176,181.879,145.2473,-580.15
91.00158,181.4285,145.2462,-579.9302
91.01138,181.8016,145.0952,-579.4764
91.0212,182.1764,145.1699,-579.2469
91.03103,182.026,145.0948,-579.2489
91.04083,182.0981,144.5692,-579.0249
91.05065,181.2744,145.0175,-578.7328
91.06048,182.1737,144.5699,-579.249
91.07028,182.0984,144.7187,-578.8744
91.0801,181.9466,144.3434,-578.8025
91.08993,182.2448,144.3416,-578.124
91.09973,181.5708,144.7896,-577.6802
91.10952,181.7202,144.7145,-577.6037
91.11935,181.7201,144.8636,-577.3032
91.12915,180.8191,145.0107,-576.6381
91.13897,182.4655,143.6653,-577.5988
91.14877,182.3906,144.1129,-576.8481
91.15856,182.3165,143.9647,-577.4496
91.16839,182.3892,143.589,-577.225
91.17819,182.5375,143.2142,-577.2246
91.18801,182.312,143.5117,-576.4761
91.19784,182.1622,143.5118,-576.5529
91.20764,181.8606,143.3604,-576.1818
91.21746,181.9357,143.4353,-576.1057
91.22729,181.411,143.7334,-575.6607
91.23712,182.1575,142.7603,-576.0305
91.24691,181.7827,142.6856,-576.2601
91.25674,181.6329,142.9841,-575.8109
91.26657,182.1561,142.5348,-575.8814
91.27636,181.6314,142.7584,-575.5867
91.28619,181.7796,142.3088,-575.6615
91.29602,181.9305,142.6085,-575.5087
91.30581,182.3026,142.0086,-575.4315
91.31564,181.4799,142.6819,-575.1386
91.32547,181.5536,142.382,-575.1389
91.33529,182.0753,141.4088,-575.5862
91.34509,181.8499,141.7811,-574.7625
91.35491,181.9997,141.5572,-575.0616
91.36474,181.7773,142.3806,-574.6112
91.37454,181.7739,141.8545,-574.2382
91.38436,181.9995,141.557,-574.9866
91.39419,181.8486,141.4811,-574.7636
91.40399,181.997,141.554,-574.0117
91.41381,181.1752,142.303,-573.9435
91.42364,181.774,142.0784,-573.8624
91.43344,181.6975,141.629,-574.0898
91.44326,182.147,141.5542,-574.0099
91.45309,182.5944,140.8055,-574.3074
91.46289,181.6959,141.4778,-573.7154
91.47271,182.8191,141.0291,-573.779
91.48254,182.3687,140.7299,-574.1602
91.49234,182.2198,141.1786,-573.7853
91.50216,182.5925,140.5048,-574.0835
91.51199,182.3682,141.326,-572.8832
91.52179,182.3694,141.1783,-573.6337
91.53161,182.5939,141.4762,-572.8801
91.54144,182.9679,141.1025,-573.177
91.55124,183.4158,140.1306,-574.0753
91.56106,183.5625,139.8285,-573.3246
91.57089,183.4884,139.9787,-573.4
91.58068,183.4884,139.5312,-574.2266
91.59051,183.4888,140.203,-573.1742
91.60034,183.5627,139.6049,-573.7755
91.61013,183.0395,140.5017,-572.8784
91.61996,183.2645,140.3528,-573.1762
91.62979,183.1159,140.6526,-573.1769
91.63958,183.9376,139.7543,-573.4706
91.64941,184.0872,139.3811,-573.9952
91.65924,183.8631,139.8295,-573.5462
91.66903,184.1604,139.2298,-573.5449
91.67886,183.5644,140.2038,-573.3983
91.6887,183.4858,139.2296,-573.7026
91.69853,184.3858,139.4543,-573.3165
91.70833,184.1605,139.3791,-573.3194
91.71815,184.1629,139.9041,-573.3175
91.72798,183.7887,140.5015,-572.5698
91.73777,184.0115,139.3801,-573.6961
91.7476,184.0869,139.5299,-573.6197
91.75743,184.4621,139.6051,-573.5401
91.76726,184.2349,139.1546,-573.4693
91.77705,184.4599,139.1548,-573.4667
91.78688,184.5348,138.9311,-573.8416
91.79671,184.3098,138.9308,-573.8442
91.8065,184.9857,139.3801,-573.3848
91.81633,184.985,139.2301,-573.3854
91.82615,184.3109,139.7527,-572.7913
91.83598,185.1343,138.8564,-573.7599
91.84578,184.5345,139.229,-573.1656
91.8556,185.1349,139.081,-573.6092
91.8654,184.7588,138.9301,-573.4641
91.87523,184.5345,139.229,-573.1656
91.88502,184.6076,138.4809,-573.7673
91.89482,184.9083,138.9296,-573.2373
91.90465,184.8337,139.1539,-573.0123
91.91444,184.6083,139.2278,-572.7147
91.92427,184.3847,139.5275,-572.7162
91.93406,184.532,138.9277,-572.7167
91.94389,184.3859,139.6782,-572.9407
91.95372,184.3818,138.6289,-573.1694
91.96351,184.5345,138.8561,-573.8419
91.97334,184.8297,138.2539,-573.0156
91.98317,184.6824,138.4062,-573.8417
91.99296,184.5311,138.7775,-572.6422
92.00279,184.7579,138.6306,-573.6151
92.01262,183.484,139.3767,-572.7272
92.02241,184.3824,138.8534,-573.0186
92.03224,184.1573,139.0769,-572.5705
92.04207,184.0846,139.3779,-572.9453
92.05186,184.3806,138.2546,-573.3958
92.06169,184.7566,138.48,-573.3906
92.07151,184.3051,138.4777,-572.7959
92.08131,184.3828,138.5555,-573.6947
92.09114,183.9316,138.8521,-572.7239
92.10093,184.0065,138.479,-573.3243
92.11076,183.7052,138.4771,-572.8028
92.12059,183.4823,138.7032,-573.2545
92.13038,183.6336,139.1525,-572.9512
92.14021,183.6344,139.3773,-572.8754
92.15004,183.6322,138.5541,-573.4783
92.15983,183.783,138.779,-573.4008
92.16966,183.6327,138.7038,-573.4028
92.17949,183.4081,138.9279,-573.1796
92.18931,183.1826,138.5541,-573.6335
92.19911,183.258,138.4801,-573.9329
92.20894,183.4076,138.5543,-573.6309
92.21876,183.0329,138.4051,-574.0107
92.22859,182.8834,138.8531,-573.4108
92.23839,182.3611,139.1542,-573.9409
92.24821,182.5091,138.2568,-574.7673
92.25804,183.3331,138.2565,-574.3828
92.26784,183.1819,137.9566,-574.4606
92.27766,183.2561,137.7319,-574.5355
92.28749,183.0334,138.4057,-574.2357
92.29731,183.4058,137.3586,-575.0601
92.30714,183.6312,137.5831,-574.8317
92.31694,183.2579,137.8832,-574.9849
92.32676,182.8078,138.1064,-574.5393
92.33659,183.2557,137.5075,-574.7613
92.34642,183.03,137.0589,-575.2905
92.35624,183.4801,137.0596,-575.3603
92.36604,183.3297,136.9842,-575.2873
92.37587,183.4807,137.0602,-575.5853
92.38569,184.0041,136.5366,-575.8812
92.39549,183.6322,137.1367,-576.0332
92.40532,184.0053,136.538,-576.3311
92.41511,183.4067,136.7629,-576.4872
92.42494,183.7066,136.9123,-576.1832
92.43474,183.4061,136.3892,-576.9385
92.44456,183.6293,136.1635,-576.6367
92.45439,183.3309,136.4635,-576.7141
92.46422,183.6305,136.1649,-577.0867
92.47404,184.0055,136.1652,-577.0824
92.48384,184.3064,136.1667,-577.454
92.49366,184.0059,136.0166,-577.5329
92.50349,183.9318,136.0177,-577.9087
92.51332,183.7829,136.5409,-577.3837
92.52314,183.6334,136.616,-577.4601
92.53297,184.38,135.5683,-577.9802
92.54277,184.0072,136.1673,-577.7573
92.55259,184.0805,135.7924,-577.7578
92.56242,184.1553,135.7177,-577.8322
92.57225,184.9781,134.8952,-578.4257
92.58204,184.4557,135.2709,-578.8054
92.59187,185.0528,134.7458,-578.5754
92.6017,184.9791,134.7473,-579.1012
92.61152,185.0515,134.4458,-578.5764
92.62132,185.0538,134.5978,-579.2508
92.63115,184.5291,134.8959,-578.8058
92.64097,184.9043,134.822,-579.0267
92.65077,184.5287,134.8955,-578.6558
92.6606,184.9774,134.1484,-579.4783
92.67039,185.4254,133.8482,-579.2491
92.68022,185.2762,133.8489,-579.5508
92.69002,185.8738,133.4736,-579.2453
92.69985,185.0524,134.5215,-578.8011
92.70968,185.2759,134.1469,-578.8749
92.71947,185.425,133.8477,-579.0992
92.7293,185.1253,134.2206,-578.5013
92.73913,186.3224,133.2486,-579.0909
92.74895,185.9476,133.4723,-578.7945
92.75875,186.3226,133.4727,-578.7902
92.76858,186.3221,132.95,-579.542
92.7784,186.0219,133.3224,-578.7942
92.78823,186.5462,132.8745,-579.3147
92.79803,186.1693,132.648,-578.9449
92.80782,186.6955,132.8737,-579.013
92.81765,185.6437,132.6468,-578.7259
92.82744,186.0936,132.5725,-578.796
92.83727,186.0186,132.8708,-578.2708
92.84707,186.3165,131.8243,-579.321
92.85689,186.6167,132.1232,-578.8665
92.86672,186.4641,131.6724,-578.6448
92.87652,186.5399,131.9718,-578.4179
92.88634,186.7633,131.5225,-578.567
92.89617,187.1386,131.5233,-578.7126
92.906,187.4361,130.9238,-578.7863
92.91582,186.7631,131.4477,-578.6422
92.92562,186.8361,131.2962,-578.1169
92.93545,187.1346,130.9217,-578.1898
92.94527,186.9823,130.322,-578.3436
92.9551,187.2083,130.5472,-578.3402
92.96493,186.5344,131.3684,-577.2951
92.97472,187.0568,130.6198,-577.5917
92.98455,186.8294,130.0946,-577.5961
92.99438,186.9789,130.0941,-577.3695
93.0042,186.7529,130.1673,-576.8468
93.01403,186.9032,130.1679,-576.9951
93.02382,186.7541,130.7655,-576.2447
93.03365,186.6037,130.4665,-576.6224
93.04348,187.0535,130.3176,-576.8428
93.0533,186.9762,129.8671,-576.6953
93.0631,186.5289,130.4666,-576.6984
93.07293,187.2755,130.0158,-576.1663
93.08275,187.4247,129.642,-576.5409
93.09258,187.4248,129.9405,-576.0148
93.10238,187.4976,129.0428,-576.7672
93.1122,186.8219,129.6381,-575.4229
93.12203,187.797,129.117,-576.3884
93.13186,186.3718,129.4883,-575.6536
93.14168,187.1981,129.5652,-576.0187
93.15148,186.6693,128.5904,-576.2532
93.16131,187.0463,128.9662,-576.3976
93.17113,186.6688,128.5152,-576.1785
93.18096,187.043,128.1417,-576.5505
93.19079,186.518,128.5142,-575.8803
93.20058,186.5185,128.291,-576.481
93.21041,185.7678,128.5132,-575.8139
93.22024,186.2179,128.4391,-575.959
93.23003,185.1687,128.7374,-575.745
93.23986,186.5163,127.9153,-576.2574
93.24969,186.3643,127.4651,-576.2607
93.25951,185.7652,127.8387,-575.9664
93.26934,186.2889,127.3901,-576.2618
93.27913,185.8401,127.9133,-575.8152
93.28896,186.2883,127.1655,-576.4126
93.29879,185.8398,127.6144,-576.1912
93.30858,186.0636,127.3149,-576.2647
93.31841,185.4635,127.2395,-576.3469
93.32824,185.4659,127.9884,-575.9692
93.33806,185.839,127.539,-576.0414
93.34786,185.8374,127.0894,-576.1931
93.35769,185.6139,127.464,-576.1193
93.36751,185.6129,127.239,-576.1201
93.37734,185.6118,126.7155,-576.647
93.38714,185.6116,126.7153,-576.572
93.39696,184.8627,126.9396,-576.5798
93.40679,185.2367,126.6404,-576.7266
93.41662,184.7866,126.7891,-576.4312
93.42641,184.2633,127.5365,-575.7596
93.43624,185.086,126.4903,-576.7288
93.44607,183.9623,126.9383,-576.4401
93.45586,184.7875,126.6409,-577.0317
93.46569,184.2603,126.414,-576.5886
93.47552,184.2639,127.2388,-576.5106
93.48534,184.0367,126.2663,-577.4167
93.49514,184.1877,126.566,-577.2639
93.50497,183.5132,126.7151,-577.1961
93.51479,183.5896,126.9406,-577.3445
93.52462,182.9894,127.3873,-576.4498
93.53441,183.2154,127.165,-577.273
93.54424,183.2872,126.266,-577.5753
93.55407,183.2135,126.5659,-577.5751
93.56389,182.5395,126.7903,-577.5821
93.57372,182.9877,126.2664,-577.8037
93.58355,182.6127,126.0422,-578.1838
93.59334,182.3144,126.7153,-577.6599
93.60317,182.6125,126.2658,-577.733
93.613,181.715,126.7154,-577.8918
93.62282,182.7633,126.2669,-578.0313
93.63262,181.939,126.6399,-577.6644
93.64245,182.0881,126.3405,-577.8138
93.65227,182.3123,126.0414,-578.0373
93.6621,181.8641,126.4908,-577.9658
93.67193,181.9385,125.9679,-578.6419
93.68172,181.7896,126.2675,-578.5675
93.69158,182.0141,126.1179,-578.6405
93.70141,182.0151,126.0445,-579.1657
93.7112,181.9386,125.9681,-578.7169
93.72103,181.7892,126.0432,-578.7933
93.73085,180.9637,125.818,-579.0286
93.74068,181.8658,126.2689,-579.0167
93.75048,181.4144,125.5955,-579.6992
93.7603,181.4171,126.27,-579.5468
93.77013,181.4167,126.0457,-579.7726
93.77996,181.4925,126.196,-579.8461
93.78975,181.8658,125.8214,-579.8432
93.79958,181.8663,125.6727,-580.2937
93.80941,181.7162,125.8217,-579.9949
93.8192,180.9675,125.8971,-580.3783
93.82903,180.6707,126.6466,-580.3041
93.83886,181.5686,125.5261,-581.4977
93.84868,180.8944,125.8247,-581.2794
93.85848,180.6689,125.6747,-581.3574
93.86831,180.7446,125.5264,-581.8821
93.8781,180.368,125.3749,-581.512
93.88793,180.2948,125.8992,-581.286
93.89773,180.444,125.4509,-581.8109
93.90755,180.5215,125.8268,-582.1086
93.91738,179.8454,125.8248,-581.6664
93.92718,179.472,126.4231,-581.2186
93.937,179.7715,125.8261,-582.1172
93.94683,179.2472,125.9011,-582.2731
93.95665,179.3971,125.8264,-582.3466
93.96648,179.3973,125.8267,-582.4216
93.97631,178.9462,125.8249,-581.9768
93.98613,179.1719,125.9005,-582.1239
93.99593,178.2746,126.4997,-582.1321
94.00576,178.6479,125.7521,-582.8055
94.01558,178.125,126.5,-582.2839
94.02541,177.8258,126.6499,-582.3618
94.03521,177.528,127.2489,-582.1381
94.04503,177.6759,126.2768,-583.0398
94.05486,177.6763,126.5757,-582.6637
94.06469,176.9274,126.5763,-583.1224
94.07448,177.5276,126.801,-582.8147
94.08431,176.9273,126.5015,-583.1976
94.09411,177.0025,126.6511,-583.0462
94.10393,176.4787,127.0995,-582.6757
94.11373,176.4046,127.1006,-583.0515
94.12356,176.1801,127.474,-582.6028
94.13335,176.2579,127.8504,-583.0506
94.14318,176.1813,127.6992,-582.677
94.15297,176.4811,127.177,-583.5004
94.16277,176.1818,127.6251,-582.9772
94.1726,176.7049,126.8029,-583.7241
94.18242,176.1049,126.8023,-583.731
94.19225,176.0314,127.2515,-583.5053
94.20208,176.6299,126.8028,-583.725
94.2119,175.807,127.625,-583.0566
94.2217,176.4052,127.0267,-583.4268
94.23153,175.8054,127.3247,-582.9826
94.24135,176.4804,127.3254,-582.9749
94.25118,176.0302,126.9518,-583.5814
94.26101,176.6291,126.8765,-583.2747
94.2708,176.105,126.9516,-583.5055
94.28063,176.4061,127.1024,-583.6515
94.29046,175.8822,127.4762,-583.4312
94.30028,176.1816,127.1774,-583.7288
94.31011,175.2846,128.0752,-583.2859
94.31991,175.7333,127.6265,-583.5825
94.32973,174.6882,128.6011,-583.816
94.33956,175.7353,127.7781,-584.1068
94.34936,175.1357,127.6288,-584.5643
94.35918,175.5103,127.7033,-584.2597
94.36898,175.3598,127.1804,-585.0133
94.3788,175.1348,127.7022,-584.039
94.38863,174.9101,127.4041,-584.7177
94.39843,174.9107,127.6286,-584.5668
94.40825,175.0614,127.8533,-584.4143
94.41808,174.5356,127.8519,-584.1204
94.42791,174.6871,127.8538,-584.7187
94.4377,174.9855,127.4046,-584.8668
94.44753,175.2833,126.8801,-584.9402
94.45736,174.9118,127.7791,-584.7164
94.46718,174.7602,127.5532,-584.4938
94.47701,174.3107,127.4787,-584.7993
94.48684,174.6863,127.6291,-584.7944
94.49666,174.8359,127.3303,-585.1688
94.50649,174.7603,127.4041,-584.7944
94.51629,174.2399,128.4534,-584.7217
94.52611,174.4635,128.0791,-584.8704
94.53594,174.7618,127.7044,-584.8683
94.54574,174.5396,128.2296,-585.019
94.55556,174.1619,127.2563,-585.7018
94.56536,174.1622,127.4058,-585.5512
94.57518,174.9131,127.7061,-585.3916
94.58498,174.5379,127.4071,-585.8469
94.59481,175.0625,127.2578,-585.9164
94.6046,174.6886,127.6318,-585.6944
94.61443,174.9885,127.7812,-585.3904
94.62423,174.3893,128.0799,-585.1713
94.63405,174.7636,127.9303,-585.1675
94.64388,174.4636,127.3331,-586.2231
94.65371,175.1372,127.4068,-585.54
94.6635,174.2414,128.0822,-585.9979
94.67333,175.2879,127.4823,-585.688
94.68316,174.9127,127.1834,-586.1434
94.69301,175.288,127.6317,-585.4625
94.70284,175.1377,127.1836,-586.1408
94.71263,174.9166,128.307,-585.6894
94.72246,174.8387,127.7812,-585.4672
94.73228,174.6164,128.4556,-585.3174
94.74211,174.6915,128.5304,-585.2412
94.75191,175.1376,127.0342,-586.3663
94.76173,174.9134,127.3333,-586.1429
94.77156,174.4647,127.6329,-586.147
94.78139,175.364,127.4838,-586.1371
94.79118,174.6133,127.4076,-585.996
94.80101,174.6887,127.4081,-586.1452
94.81084,174.1647,127.6326,-586.1505
94.82066,174.4635,127.7061,-585.5467
94.83049,173.8666,128.0076,-586.2275
94.84029,174.7642,127.8564,-585.5427
94.85011,174.6144,127.1851,-586.8218
94.85994,174.6898,127.857,-585.7686
94.86974,174.4656,127.4102,-586.8978
94.87956,174.9152,127.7831,-586.0663
94.88939,174.6895,127.3345,-586.5955
94.89921,174.5388,127.2589,-586.4474
94.90904,174.6158,127.4851,-586.8208
94.91887,174.2395,127.4086,-586.4504
94.9287,173.942,128.0826,-586.2264
94.93849,174.8397,127.6333,-586.1426
94.94832,174.615,127.1112,-587.197
94.95811,174.6886,127.1843,-586.521
94.96794,174.3164,127.4109,-587.1995
94.97777,174.9149,126.8876,-587.5694
94.98759,174.5399,126.9618,-587.4234
94.99742,174.4659,127.1867,-587.4235
95.00722,174.9139,126.961,-587.0441
95.01704,174.3913,127.2617,-587.4241
95.02687,174.2405,127.6336,-586.4496
95.0367,174.0159,127.2608,-587.2784
95.04649,174.0922,127.8593,-586.7505
95.05632,174.5395,126.9613,-587.2734
95.06615,174.1663,127.1869,-587.577
95.07597,173.1169,127.1866,-587.814
95.08577,174.6158,126.7391,-588.1733
95.0956,174.1686,127.488,-587.9509
95.10542,173.7189,127.1896,-588.6321
95.11522,174.1691,127.1903,-588.7019
95.12505,173.7184,127.1889,-588.4072
95.13484,173.3468,127.864,-588.559
95.14464,173.5716,127.491,-589.1577
95.15446,174.0199,127.1165,-589.1539
95.16426,173.7971,127.5665,-589.2299
95.17409,173.7205,127.4898,-588.706
95.18391,173.2728,127.4921,-589.6112
95.19374,173.42,127.2652,-588.9352
95.20354,173.9462,127.118,-589.6797
95.21336,172.8962,127.5645,-588.8652
95.22319,173.3482,128.0895,-588.7082
95.23302,173.345,127.4142,-588.6356
95.24281,173.3461,127.4901,-588.9353
95.25264,173.9442,127.1155,-588.8548
95.26247,173.3469,127.6404,-589.0098
95.27229,173.794,127.1151,-588.7815
95.28212,173.7203,127.1912,-589.1571
95.29195,173.7203,127.4896,-588.631
95.30174,172.8952,127.0411,-589.3921
95.31157,173.1941,127.3384,-588.4127
95.3214,172.8198,127.4135,-588.5666
95.33122,172.67,127.6375,-588.2676
95.34105,173.3446,127.4138,-588.4857
95.35085,173.1944,127.0405,-589.0886
95.36067,173.1178,126.8893,-588.715
95.3705,173.1948,126.9664,-589.3889
95.38033,172.8944,126.9656,-589.2424
95.39012,173.121,127.1915,-589.464
95.39995,173.345,127.0413,-589.3119
95.40977,173.0457,127.4149,-588.939
95.4196,173.3457,127.3406,-589.0859
95.42943,172.5989,128.1642,-588.8666
95.43922,173.645,126.8925,-589.609
95.44905,173.2724,127.1187,-590.1375
95.45888,172.9744,127.8668,-589.6133
95.4687,173.2743,127.4194,-590.3614
95.4785,173.4225,127.3427,-589.76
95.48833,173.3477,127.2683,-589.9861
95.49815,173.1964,127.192,-589.6132
95.50798,173.4252,127.8681,-589.9081
95.51778,172.8999,128.0165,-589.5386
95.5276,172.8267,128.1678,-589.989
95.53743,173.1993,127.4193,-590.3623
95.54726,173.501,127.4216,-591.0338
95.55708,172.9756,127.7191,-590.3638
95.56688,173.0535,128.0955,-590.8116
95.5767,173.0549,128.5448,-590.585
95.58653,173.5796,128.0974,-591.2556
95.59636,173.5797,128.3212,-590.8797
95.60615,174.0277,127.648,-591.327
95.61598,173.7288,128.0966,-590.9538
95.62581,173.3535,128.3197,-590.4323
95.63564,173.8012,127.3476,-591.2556
95.64543,174.0248,127.4953,-590.4275
95.65526,174.0268,127.7214,-590.8017
95.66508,173.8031,128.0958,-590.653
95.67491,174.328,128.2454,-590.3464
95.68471,174.1756,127.4218,-590.876
95.69454,174.4757,127.4969,-590.7973
95.70433,174.2514,127.6467,-590.7994
95.71416,174.2536,128.3953,-590.3467
95.72395,173.8814,128.9204,-590.4991
95.73378,174.0312,128.9949,-590.2722
95.74361,174.1053,128.5463,-590.7229
95.75344,174.6281,127.9475,-590.944
95.76326,174.106,128.6217,-590.8726
95.77306,174.9299,128.4721,-590.7137
95.78288,174.6308,128.1745,-591.6182
95.79271,175.1567,128.6982,-591.0103
95.80254,174.7799,128.099,-591.3917
95.81236,174.1801,128.4716,-590.7973
95.82219,174.3326,129.0715,-590.7185
95.83199,173.8815,128.9952,-590.4239
95.84181,174.3323,129.2949,-590.1926
95.85164,174.931,128.548,-591.0134
95.86147,174.8569,128.6236,-591.239
95.87129,174.5563,128.9956,-590.3411
95.88109,174.782,128.8474,-590.8641
95.89092,174.5546,128.6951,-590.1922
95.90074,174.7069,128.9964,-590.5644
95.91057,174.5584,129.744,-589.8135
95.92037,174.4825,129.6683,-589.5897
95.93019,174.1865,130.568,-589.5899
95.93999,174.856,129.2193,-589.812
95.94981,175.1553,128.7712,-590.335
95.95961,175.0801,129.1438,-589.5847
95.96941,175.755,128.9206,-589.9527
95.97923,174.6334,130.117,-589.1364
95.98903,175.6805,129.0703,-589.878
95.99886,175.5303,129.5175,-588.9781
96.00868,175.7559,129.7422,-588.8248
96.01848,175.6057,129.518,-589.1273
96.02831,175.4573,129.8928,-589.1276
96.03813,176.13,129.3685,-589.1218
96.04796,176.2054,129.2199,-589.5714
96.05776,175.6796,129.4422,-588.8267
96.06758,176.1301,129.4433,-589.0464
96.07741,176.0549,129.07,-589.6486
96.08724,176.2069,129.6692,-589.3448
96.09706,176.1305,129.4437,-589.1965
96.10689,176.5053,129.4439,-589.1172
96.11668,176.2062,129.8922,-588.669
96.12651,176.1313,130.0415,-588.4445
96.13634,176.8049,129.3691,-589.114
96.14617,176.504,129.3677,-588.7424
96.15596,176.9535,128.92,-589.3389
96.16579,176.9545,129.2195,-589.1878
96.17562,177.1044,129.2942,-589.0358
96.18544,176.9534,129.0691,-589.0383
96.19524,176.4317,129.8931,-588.8914
96.20506,177.1804,129.2209,-589.5602
96.21489,177.1043,129.4433,-588.7353
96.22472,176.5795,129.8905,-587.9897
96.23451,176.5789,129.293,-588.8168
96.24434,176.653,129.2174,-588.5912
96.25417,176.7258,128.9166,-588.2915
96.26396,176.951,128.9916,-588.2136
96.27379,176.7265,129.1411,-588.1407
96.28362,176.9505,128.9164,-588.1389
96.29341,176.5777,129.7392,-587.5403
96.30324,176.6507,128.8418,-588.3676
96.31307,176.279,130.1135,-587.3924
96.32289,176.4279,129.5902,-587.9175
96.33269,175.8286,129.7396,-587.9239
96.34252,176.1302,129.891,-588.2949
96.35234,176.578,128.8444,-589.2684
96.36217,175.8288,129.5159,-588.3748
96.37197,176.1279,129.0676,-588.8228
96.38179,175.9788,128.994,-589.3498
96.39162,175.9803,129.8163,-588.447
96.40141,175.7561,129.7424,-588.8997
96.41124,175.6796,129.666,-588.4509
96.42107,175.8303,129.8907,-588.2984
96.43086,175.6787,129.8888,-587.7001
96.44069,175.9789,129.5163,-588.448
96.45052,175.9775,129.067,-588.6746
96.46031,175.3044,129.6655,-588.3802
96.47014,176.0521,129.0666,-588.5237
96.47994,175.5301,129.8902,-588.2268
96.48973,176.1272,129.2906,-588.147
96.49956,175.7508,129.0648,-588.0022
96.50936,174.5522,130.035,-586.8126
96.51915,175.4489,129.4352,-586.5794
96.52898,175.5254,129.7355,-586.6524
96.53877,176.1231,129.1365,-586.7977
96.5486,175.5226,128.7623,-587.2559
96.5584,175.9725,129.1357,-586.5744
96.56822,175.4466,128.7611,-586.8818
96.57802,176.0438,128.3853,-586.4262
96.58785,176.1199,128.7597,-586.199
96.59767,176.0452,128.8346,-586.1996
96.60747,175.9723,129.2846,-586.1989
96.6173,175.5243,129.8087,-586.0522
96.62709,175.1486,129.6583,-586.057
96.63692,175.8977,129.2104,-586.5
96.64675,176.0476,128.9867,-586.8741
96.65657,175.9704,128.8348,-586.2755
96.6664,175.8973,128.9115,-586.876
96.6762,176.1989,129.4359,-586.5707
96.68602,176.3456,128.537,-586.8722
96.69586,175.1506,129.8099,-586.5815
96.70566,174.8463,128.7601,-586.7386
96.71549,175.447,129.1345,-586.3554
96.72531,175.4462,129.2827,-585.7549
96.73514,175.9703,128.76,-586.3507
96.74496,175.8187,128.3103,-586.504
96.75476,175.9686,128.385,-586.3521
96.76459,176.2692,128.3114,-586.7239
96.77441,176.0461,129.0594,-586.1238
96.78424,175.9707,128.6859,-586.6509
96.79404,175.4462,128.8352,-586.5815
96.80386,175.8955,128.7602,-586.4266
96.81369,175.1467,128.9847,-586.5094
96.82352,175.5228,129.6578,-585.7527
96.83331,175.2977,129.5082,-585.9808
96.84314,175.6722,129.4334,-585.9017
96.85297,176.0438,128.3108,-586.5765
96.86279,175.8189,128.5344,-586.2032
96.87259,176.4164,128.0098,-586.1232
96.88242,176.4177,128.3098,-586.1221
96.89224,176.5666,128.5325,-585.2947
96.90204,176.7908,128.2333,-585.5181
96.91187,176.268,128.8322,-585.2971
96.92169,176.3421,128.7566,-585.0715
96.93152,176.7174,128.5335,-585.5929
96.94132,176.3426,128.9063,-584.996
96.95114,177.0157,127.7858,-586.2671
96.96097,176.8673,128.3098,-585.967
96.97076,177.09,127.7104,-586.1165
96.98059,177.5403,127.4129,-586.7874
96.99042,177.2408,127.8608,-586.1893
97.00024,177.6162,127.6377,-586.7107
97.01004,177.0149,127.8595,-585.8168
97.01987,177.3149,127.9343,-585.6631
97.02969,177.0888,128.1566,-584.84
97.03952,177.0895,128.2321,-584.9897
97.04935,177.5377,127.6336,-585.3617
97.05914,177.6122,127.7076,-584.9855
97.06897,178.2841,126.9587,-585.1304
97.0788,178.1368,127.6331,-584.9798
97.08862,178.66,127.1838,-585.0504
97.09845,178.1349,127.3324,-584.7558
97.10825,178.658,127.2561,-584.15
97.11807,178.2839,127.7044,-583.7028
97.1279,178.5092,127.7796,-583.7
97.13773,178.5054,126.8053,-583.9284
97.14752,178.8055,126.6565,-584.2255
97.15735,178.8822,127.4045,-583.547
97.16718,179.031,126.8065,-584.1473
97.177,178.7325,127.181,-584.0745
97.18683,179.1815,126.9564,-584.0701
97.19663,178.881,127.1048,-583.623
97.20645,179.8551,126.657,-584.0634
97.21625,179.1795,126.7303,-583.6959
97.22604,179.0314,127.4038,-583.2452
97.23587,179.3307,127.2541,-583.2423
97.24567,179.6294,126.8798,-583.3902
97.25549,179.6292,126.5811,-583.8413
97.26532,179.3289,126.7297,-583.4692
97.27515,179.4795,127.1781,-582.8658
97.28494,179.7016,126.429,-583.091
97.29477,179.4008,126.353,-582.8696
97.3046,179.6261,126.4282,-582.8668
97.31439,179.4028,127.1014,-582.342
97.32422,179.4026,127.3996,-581.741
97.33405,178.8782,127.4743,-581.8218
97.34387,178.6521,127.4728,-581.3743
97.3537,179.6257,126.7262,-582.1908
97.36353,179.1018,126.9507,-582.196
97.37332,179.5508,126.7261,-582.1916
97.38315,179.7763,126.727,-582.4141
97.39298,179.6268,126.8021,-582.4905
97.40277,179.9244,126.1281,-582.7145
97.4126,178.9524,127.1751,-582.047
97.42242,179.4762,127.0249,-581.8165
97.43222,178.953,127.3996,-581.8962
97.44205,179.2525,127.6231,-581.292
97.45187,179.5495,126.277,-582.4932
97.4617,179.8487,126.351,-582.0396
97.47153,179.3979,126.4242,-581.5945
97.48135,179.6967,126.1247,-581.6671
97.49118,179.3969,126.5721,-580.9189
97.50101,179.5464,126.4225,-580.9927
97.51083,178.9471,126.9449,-580.3228
97.52063,179.3215,126.5716,-580.7698
97.53046,179.0227,126.7966,-580.8475
97.54028,179.1737,127.0963,-580.6947
97.55011,179.4717,126.2736,-581.3691
97.55994,179.5469,126.2739,-581.4433
97.56976,179.8456,126.1235,-581.2154
97.57959,179.6216,126.6467,-580.6912
97.58942,180.0689,126.0471,-580.6881
97.59921,179.846,126.4969,-580.6891
97.60904,180.0682,126.3447,-579.862
97.61887,179.6936,126.3447,-580.0164
97.62869,179.7665,126.3423,-579.1906
97.63852,179.6178,126.7913,-578.8907
97.64835,180.2918,126.194,-579.56
97.65817,179.7676,126.4928,-579.34
97.66797,179.9913,126.1185,-579.4886
97.6778,180.2917,125.9701,-579.9358
97.68762,179.6918,126.4173,-579.1912
97.69746,179.7658,126.1923,-579.191
97.70729,180.1406,126.3416,-578.8112
97.71711,179.8416,126.6408,-578.6636
97.72694,179.6913,126.7896,-578.2899
97.73677,179.8414,126.8645,-578.2128
97.74656,179.9162,126.4913,-578.8133
97.75639,180.2154,126.3414,-578.7354
97.76622,180.0648,126.0422,-579.0382
97.77604,180.5149,126.4904,-578.2814
97.78584,180.4388,125.743,-579.1849
97.79566,180.363,126.115,-578.2095
97.80549,180.4388,126.0414,-578.6589
97.81529,179.8386,126.1152,-578.4405
97.82511,180.29,126.714,-577.9082
97.83491,179.8398,126.7133,-577.8384
97.84474,180.511,125.5906,-578.3596
97.85453,180.437,125.9646,-578.0591
97.86436,180.5131,126.339,-577.8319
97.87419,180.8117,126.1884,-577.5291
97.88398,180.9607,125.5906,-578.2044
97.89381,180.963,126.2647,-577.902
97.90364,181.1861,125.8151,-577.976
97.91346,180.288,126.4879,-577.5341
97.92329,180.513,126.7865,-577.0054
97.93312,180.2136,126.7869,-577.2338
97.94294,180.8872,126.1891,-577.7531
97.95274,181.3343,125.2909,-578.2012
97.96257,180.8852,125.4407,-578.2808
97.97239,180.8115,125.5168,-578.6564
97.98222,181.4101,125.2174,-578.6506
97.99205,181.6348,125.441,-578.1222
98.00184,181.5601,125.143,-578.7991
98.01167,181.1104,125.665,-577.9774
98.0215,181.0372,126.1893,-577.7514
98.03132,181.3357,125.8148,-577.8243
98.04115,181.785,125.6652,-577.8196
98.05098,182.0845,125.3664,-578.1172
98.0608,181.7108,125.7406,-577.9702
98.0706,182.0086,125.1416,-578.194
98.08043,181.3346,125.4405,-578.0506
98.09025,182.1586,125.5147,-577.5159
98.10008,181.7836,125.1414,-578.1965
98.1099,182.5341,125.6648,-577.4361
98.11973,181.9353,125.964,-577.3669
98.12953,182.0101,125.8148,-577.5916
98.13935,182.4583,125.44,-577.5128
98.14918,182.5313,124.5426,-578.34
98.15898,182.8343,125.2924,-578.1839
98.1688,182.8313,124.5428,-578.3365
98.17863,183.0567,124.4689,-578.6343
98.18846,183.1318,124.9913,-577.7315
98.19828,183.2827,124.9926,-578.1048
98.20811,183.2073,125.1412,-577.6551
98.21791,182.6839,125.5902,-577.5096
98.22773,182.5336,125.5151,-577.5117
98.23756,182.3056,125.2128,-576.8403
98.24739,183.4303,124.5423,-577.9547
98.25721,183.1314,125.2893,-577.0555
98.26704,183.5061,124.9162,-577.5775
98.27684,183.3551,125.2879,-576.5279
98.28666,183.5791,124.6902,-577.2025
98.29649,183.2055,125.2882,-576.6797
98.30632,184.0286,124.6154,-577.1226
98.31614,183.6563,125.588,-576.4484
98.32594,183.5054,125.5122,-576.2254
98.33577,183.4297,125.2876,-576.3771
98.34559,183.3558,125.3634,-576.6777
98.35542,183.8793,124.9146,-576.8982
98.36525,183.5818,125.5886,-576.6743
98.37504,183.8797,125.0641,-576.7477
98.38487,183.6535,124.6896,-576.9766
98.3947,184.0285,124.6899,-576.9723
98.40452,183.2803,125.5865,-576.0777
98.41435,183.4304,125.4376,-576.3766
98.42418,183.5811,125.8116,-575.9985
98.43397,183.6559,125.6621,-576.1481
98.4438,183.2055,125.5867,-576.1536
98.45362,183.5063,125.8117,-576.0743
98.46342,183.2068,126.0358,-575.8521
98.47325,184.2554,125.1399,-576.8931
98.48304,183.9533,124.7642,-576.7479
98.49287,184.2561,125.5138,-576.5168
98.50267,184.4781,124.6899,-576.8171
98.51249,183.8794,125.8098,-575.3201
98.52229,183.3542,125.5107,-575.7772
98.53209,183.7292,125.6601,-575.4724
98.54191,183.8789,125.4362,-575.7714
98.55171,184.2539,124.989,-576.5936
98.56154,184.4034,124.914,-576.5172
98.57133,184.1048,125.0646,-576.8201
98.58116,183.8046,124.8402,-577.1244
98.59098,184.106,125.2898,-576.8943
98.60081,184.2561,125.2154,-577.0428
98.61061,183.2814,125.6624,-576.3775
98.62043,184.3309,125.2898,-576.8167
98.63026,183.4335,126.038,-576.5244
98.64009,183.8824,126.0371,-576.0692
98.64988,183.8053,125.2141,-576.748
98.65971,183.8837,126.0387,-576.5942
98.66954,184.3295,124.9898,-576.8177
98.67936,183.2092,126.1878,-576.5264
98.68916,183.8107,126.414,-576.7438
98.69901,183.6572,125.3653,-577.1992
98.70883,183.9565,125.141,-577.3466
98.71866,183.5077,125.3658,-577.426
98.72846,183.4319,125.4394,-576.9766
98.73828,183.2087,125.9635,-576.7523
98.74811,183.9557,124.8417,-577.5726
98.75793,183.7323,125.4401,-577.1231
98.76773,183.8822,125.2909,-577.3469
98.77756,183.3558,125.1395,-577.0535
98.78738,184.1067,125.4398,-576.8937
98.79721,184.2571,125.7388,-576.516
98.80704,184.032,125.8877,-576.218
98.81687,183.0573,126.1854,-575.7783
98.82666,183.883,126.6346,-575.2422
98.83649,183.9568,126.3349,-575.3173
98.84631,183.9564,126.036,-575.6934
98.85614,184.4793,125.7356,-575.3884
98.86597,184.3299,125.6616,-575.7654
98.87576,184.1053,126.0348,-575.2417
98.88559,184.6293,125.6612,-575.537
98.89542,184.254,125.8843,-575.0155
98.90521,184.5545,126.1089,-574.7863
98.91504,184.2552,126.4825,-574.4135
98.92487,183.8049,126.78,-573.7426
98.93469,183.8066,127.0805,-573.8915
98.94452,184.1029,125.8828,-574.5672
98.95432,184.1791,126.1081,-574.6406
98.96414,184.1055,126.5573,-574.4149
98.97397,184.4785,126.1077,-574.4122
98.9838,184.4084,127.2324,-574.334
98.99359,184.5561,126.8569,-574.1087
99.00342,184.7053,126.2593,-574.859
99.01325,184.1842,127.5315,-574.1106
99.02307,184.5562,127.0062,-573.8831
99.03287,184.4841,127.6809,-573.8066
99.0427,184.7056,126.7072,-574.1824
99.05252,185.1542,126.1838,-574.5541
99.06235,185.1543,126.4822,-574.0281
99.07217,184.3312,127.4535,-573.0591
99.08197,184.7051,127.005,-573.4314
99.0918,184.4807,126.9309,-573.8092
99.10162,184.5564,127.081,-573.8078
99.11145,184.6312,126.7824,-574.2581
99.12128,184.5582,127.3069,-574.1071
99.13107,184.3332,127.2321,-574.2599
99.1409,185.0066,126.7087,-574.5539
99.1507,185.0806,125.8123,-575.7563
99.16052,185.0082,126.5614,-575.4545
99.17032,185.3815,126.0376,-575.752
99.18011,184.7846,127.0105,-575.2305
99.18994,185.7588,126.7867,-575.295
99.19974,185.6078,126.487,-575.4478
99.20956,184.5587,126.9346,-575.0083
99.21936,185.8319,126.4115,-575.2205
99.22919,184.9346,127.3836,-574.5524
99.23898,186.1326,126.5618,-575.2166
99.24881,186.3563,126.4113,-574.9895
99.25861,186.1313,126.4857,-574.8419
99.26843,186.2077,126.3382,-575.6664
99.27826,186.2824,126.2633,-575.6658
99.28806,186.5821,126.3379,-575.4371
99.29788,186.5819,126.1138,-575.738
99.30771,186.8069,126.4124,-575.2094
99.31754,186.5099,126.7142,-575.8867
99.32736,186.5106,127.1626,-575.3601
99.33716,187.1835,126.1909,-576.2557
99.34699,186.2095,126.5641,-575.9657
99.35681,186.9584,126.3398,-575.9579
99.36664,187.1087,126.2657,-576.1813
99.37646,187.1835,126.5639,-575.5795
99.38629,187.4843,126.4906,-576.0262
99.39609,187.0338,126.7133,-575.4307
99.40591,187.4088,126.4153,-575.9525
99.41574,187.1841,126.863,-575.2784
99.42557,187.4089,127.236,-574.5245
99.4354,187.1839,126.8628,-575.2034
99.44522,187.781,126.1886,-575.2739
99.45505,188.0834,126.9378,-574.8928
99.46487,188.156,126.6365,-574.4431
99.47467,187.9321,127.0106,-574.2193
99.4845,187.9331,126.8626,-574.8947
99.49432,188.3083,126.7887,-575.1157
99.50415,188.1595,127.1628,-574.8911
99.51398,186.9602,127.6101,-574.3784
99.5238,188.1583,127.1615,-574.4412
99.53363,188.0846,127.5359,-574.2907
99.54346,188.3087,127.1621,-574.5894
99.55325,188.4569,127.0109,-574.1382
99.56308,187.8578,127.086,-574.3699
99.57291,188.8312,126.5628,-574.6605
99.58273,188.459,126.9388,-575.1135
99.59256,188.3834,127.0126,-574.7391
99.60239,188.7575,126.4898,-575.3366
99.61221,187.9343,127.1624,-574.8187
99.62204,188.01,127.6109,-574.2913
99.63187,188.3109,127.6123,-574.6628
99.64166,188.5336,127.013,-574.8124
99.65149,188.7594,126.9395,-575.26
99.66132,188.6857,127.3886,-574.9593
99.67114,188.9081,126.9381,-574.7333
99.68094,189.283,126.7146,-575.1048
99.69077,188.5335,127.2366,-574.3616
99.7006,188.7587,127.237,-574.434
99.71043,188.5358,127.8362,-574.2095
99.72025,188.6132,128.2121,-574.5072
99.73005,187.9371,128.2101,-574.0651
99.73988,188.8348,127.313,-574.7328
99.7497,188.6096,126.9396,-575.3367
99.75953,188.686,127.6874,-574.5832
99.76936,188.8333,126.5653,-575.4855
99.77915,188.6088,127.2371,-574.5106
99.78898,188.6834,126.9383,-574.8859
99.79881,188.3847,127.0887,-575.1138
99.80863,188.61,127.2385,-574.9606
99.81846,188.0855,127.6116,-574.5154
99.82828,188.4613,127.6129,-574.8111
99.83808,188.5365,127.3148,-575.4113
99.84791,188.9105,127.0156,-575.558
99.85773,188.8367,127.6137,-574.9567
99.86756,188.6873,127.4651,-575.484
99.87739,188.6867,127.2406,-575.6348
99.88722,188.9871,127.4652,-575.4056
99.89701,188.5379,127.8386,-575.0344
99.90684,189.2116,127.6886,-574.8022
99.91666,188.8369,127.8378,-574.6559
99.92649,189.2112,128.1357,-573.8256
99.93632,188.611,128.1349,-573.7575
99.94614,188.912,128.3602,-573.7532
99.95597,189.4323,127.2361,-573.9012
99.9658,189.2101,128.0598,-573.5259
99.97559,189.133,128.0572,-572.7018
99.98542,188.9838,127.685,-573.6799
99.99525,189.4338,127.9839,-573.1486
100.005,189.7361,128.5092,-573.1432
100.0148,189.4345,128.3578,-572.7723
100.0247,189.1363,128.8818,-572.5489
100.0345,189.7357,128.5833,-572.8431
100.0443,189.6592,127.8354,-573.5966
100.0541,189.5108,128.4339,-573.1461
100.0639,189.5099,128.3583,-572.9214
100.0737,189.8111,128.5838,-572.9921
100.0835,190.0359,128.3599,-573.2903
100.0933,189.8111,128.6583,-572.8419
100.1032,190.1106,128.2104,-573.44
100.113,189.9611,128.8824,-572.4644
100.1228,189.9605,128.5833,-572.7654
100.1326,189.4395,129.2589,-573.144
100.1424,190.1129,129.183,-572.6116
100.1522,190.2616,128.2865,-573.738
100.162,190.9369,128.5112,-573.4294
100.1719,190.7882,128.8111,-573.4301
100.1817,190.7122,128.586,-573.4318
100.1915,190.4126,128.8846,-573.0591
100.2013,190.9389,129.2597,-572.9018
100.2111,190.339,129.4084,-572.6832
100.221,190.7901,129.6338,-572.6772
100.2308,190.1903,129.9319,-572.2331
100.2406,190.638,129.2582,-572.5303
100.2504,191.0142,129.4093,-572.7505
100.2602,191.3878,129.5571,-571.9206
100.2701,191.6104,128.8085,-572.2957
100.2799,191.1629,129.4078,-572.2237
100.2897,191.7613,128.8843,-572.5187
100.2995,191.6146,129.3357,-573.0438
100.3094,191.7645,129.6341,-572.441
100.3192,191.6893,129.1863,-573.1934
100.329,191.3159,129.8591,-572.5954
100.3388,192.3646,128.9635,-573.7114
100.3486,192.2158,129.2631,-573.6371
100.3585,192.2153,129.4118,-573.1866
100.3683,192.4402,129.2627,-573.4095
100.3781,192.8144,128.9637,-573.6313
100.3879,192.3653,129.1135,-573.7109
100.3977,192.4392,128.9631,-573.5606
100.4075,193.191,129.4882,-573.3251
100.4173,192.6671,129.862,-573.1048
100.4272,192.6674,130.1606,-572.6538
100.437,192.9693,130.3125,-573.1748
100.4468,193.2666,129.7128,-573.1735
100.4566,193.4918,129.4893,-573.6217
100.4664,193.7167,129.2657,-573.9949
100.4762,193.793,129.6403,-573.8427
100.486,193.866,129.0413,-574.1439
100.4958,193.942,129.3409,-573.9921
100.5056,194.0177,129.491,-573.9907
100.5155,193.6455,130.3145,-573.617
100.5253,193.7196,130.2389,-573.3914
100.5351,193.4948,130.0898,-573.7695
100.5449,194.5434,129.2685,-574.6603
100.5547,194.0935,129.4174,-574.4399
100.5646,194.0187,129.4176,-574.5158
100.5744,193.7953,130.2399,-573.6906
100.5842,194.6208,129.719,-574.8079
100.594,194.0221,130.3169,-574.2877
100.6038,194.5449,129.6433,-574.584
100.6137,193.649,130.9902,-573.8396
100.6235,194.5478,130.8404,-573.6048
100.6333,194.5482,130.8408,-573.7548
100.6431,194.9228,130.3932,-574.427
100.6529,195.146,129.9437,-574.501
100.6628,194.8485,130.6177,-574.2772
100.6726,194.1725,130.0936,-574.8117
100.6824,195.4471,130.0199,-574.7973
100.6922,195.3725,130.3186,-574.4221
100.7021,195.6717,130.0196,-574.6447
100.7119,195.2997,131.0672,-573.9704
100.7217,195.0746,130.9922,-574.0482
100.7315,195.0007,131.2919,-573.973
100.7413,195.7489,130.7683,-574.1913
100.7512,195.7481,130.3197,-574.6428
100.761,195.3723,130.393,-574.1969
100.7708,195.5971,130.3184,-574.2696
100.7806,195.7503,131.0683,-574.1902
100.7905,195.974,130.9924,-573.8129
100.8003,195.9723,130.6174,-573.8142
100.8101,195.7487,131.2156,-573.2896
100.8199,195.9745,131.3661,-573.3615
100.8297,195.7497,131.739,-572.7629
100.8396,195.9738,131.0668,-573.5876
100.8494,196.5734,130.6194,-574.2573
100.8592,196.049,131.067,-573.6617
100.869,196.2732,130.395,-574.5615
100.8788,197.1736,130.5456,-574.4756
100.8886,196.7247,130.7702,-574.48
100.8984,196.8749,130.6215,-574.8538
100.9082,196.8014,131.0707,-574.6281
100.918,196.6523,131.2207,-574.7043
100.9278,196.8022,131.2954,-574.5522
100.9377,197.1766,130.9222,-574.9993
100.9475,197.1757,130.6226,-575.1503
100.9573,197.099,130.546,-574.6265
100.9671,197.0251,130.7709,-574.6265
100.9769,197.1742,130.8447,-574.1746
100.9867,197.0234,130.3214,-574.7781
100.9966,197.0975,130.5442,-574.0265
101.0064,197.6206,129.9456,-574.3226
101.0162,196.9476,130.4695,-574.1785
101.026,196.7984,130.918,-573.7286
101.0358,196.7233,130.7686,-573.9551
101.0457,197.4711,130.0952,-574.2488
101.0555,197.3221,130.3201,-574.2498
101.0653,197.321,130.2442,-573.95
101.0751,197.2464,130.543,-573.5748
101.0849,197.4704,129.9452,-574.2493
101.0947,197.618,129.7188,-573.7234
101.1046,197.5446,130.0935,-573.6479
101.1144,197.1686,130.1666,-573.127
101.1242,197.47,130.9892,-572.2206
101.134,196.9468,131.5129,-571.9999
101.1438,197.7697,130.7653,-572.518
101.1537,197.0198,130.9885,-572.1508
101.1635,196.8694,130.9879,-572.0026
101.1733,197.7684,130.5399,-572.3688
101.1831,197.8427,130.017,-573.0447
101.1929,197.6916,130.2394,-572.2208
101.2027,198.1408,129.7166,-572.8174
101.2126,197.6908,130.313,-571.7704
101.2224,197.8406,130.3875,-571.5435
101.2322,197.6158,130.3875,-571.6211
101.242,197.9905,130.2383,-571.7673
101.2518,198.3639,129.64,-572.2151
101.2616,198.2895,129.7152,-572.2907
101.2715,198.5135,129.6397,-572.0634
101.2813,198.2866,129.1149,-572.2178
101.2911,198.0636,129.8631,-571.6928
101.3009,198.2131,129.7135,-571.7665
101.3107,197.9128,130.0112,-571.094
101.3206,198.214,130.3113,-571.0145
101.3304,197.6147,130.61,-570.7953
101.3402,198.2869,129.8613,-571.0152
101.35,198.6619,129.5633,-571.5369
101.3598,198.4366,129.7865,-571.0137
101.3697,198.6586,128.9626,-571.3141
101.3795,197.7584,129.409,-570.4229
101.3893,197.6082,129.1848,-570.7254
101.3991,198.0587,129.4843,-570.4192
101.4089,197.9816,129.1833,-570.1211
101.4187,197.684,129.7081,-570.1227
101.4286,197.3833,129.9307,-569.4504
101.4384,197.3805,128.8084,-570.3543
101.4482,198.2053,128.5106,-570.7959
101.458,197.7566,129.1831,-570.1237
101.4678,197.8304,128.585,-570.7249
101.4777,197.456,128.3614,-571.33
101.4875,197.5304,128.2863,-571.2544
101.4973,197.0794,128.1354,-571.1102
101.5071,197.5281,127.9852,-570.8806
101.5169,197.005,128.4344,-570.81
101.5267,197.304,128.4336,-570.4315
101.5365,197.3774,128.0587,-570.432
101.5464,197.3039,128.0604,-571.0328
101.5562,197.7509,127.2367,-571.3306
101.566,197.5262,127.3115,-571.3329
101.5758,197.0744,126.9359,-571.2644
101.5856,197.5263,126.7895,-572.3098
101.5955,197.2998,126.489,-572.2383
101.6053,197.5254,126.4899,-572.4608
101.6151,197.151,126.6395,-572.4646
101.6249,196.8523,127.0883,-572.1664
101.6347,196.628,127.3127,-572.0182
101.6445,196.774,125.9653,-572.8463
101.6544,197.2242,126.1153,-572.6906
101.6642,196.8468,125.8136,-572.246
101.674,196.9978,126.4117,-571.5671
101.6838,196.7731,126.2626,-571.9452
101.6937,196.848,126.6357,-571.2681
101.7035,197.3707,126.0366,-571.4141
101.7133,196.1727,127.0075,-570.4495
101.7231,196.8462,126.5588,-570.6683
101.7329,196.472,126.8578,-570.4466
101.7428,196.7718,126.7833,-570.5184
101.7526,197.3701,126.185,-570.8887
101.7624,197.0688,126.1086,-570.5174
101.7722,196.4713,127.0062,-569.921
101.782,196.5469,127.0815,-569.9949
101.7919,196.9204,126.558,-570.3675
101.8017,196.6958,126.3344,-570.8959
101.8115,196.4703,126.7812,-569.9218
101.8213,196.4711,126.7076,-570.3721
101.8311,196.4712,126.9315,-569.9963
101.841,196.6961,126.7823,-570.2193
101.8508,196.919,126.1087,-570.5941
101.8606,196.6189,126.2575,-570.297
101.8704,196.9189,125.8848,-570.9699
101.8802,196.2453,126.4081,-570.6008
101.89,196.9924,125.8831,-570.369
101.8999,196.4673,125.6587,-570.7509
101.9097,196.3927,126.3305,-569.6994
101.9195,196.2422,125.8821,-570.3026
101.9293,195.9424,126.3296,-569.5546
101.9391,196.2426,126.181,-569.9266
101.9489,196.4666,125.6578,-570.4509
101.9588,196.3177,126.405,-569.55
101.9686,196.1648,125.4316,-570.1552
101.9784,196.7652,125.3581,-570.4485
101.9882,196.3891,125.1325,-570.3786
101.998,196.3908,125.3584,-570.6778
102.0078,196.4658,125.6569,-570.1509
102.0177,196.0186,126.1819,-570.3041
102.0275,195.6418,125.9557,-570.0093
102.0373,195.7919,125.8813,-570.1578
102.0471,196.0171,125.5087,-570.9066
102.0569,196.2396,125.2076,-570.4551
102.0667,196.2395,124.9837,-570.8309
102.0765,196.2409,125.5822,-570.3037
102.0864,196.0136,124.9078,-570.6087
102.0962,195.4165,125.8059,-570.1624
102.106,195.115,125.207,-570.618
102.1158,195.6396,125.207,-570.462
102.1256,195.4141,125.43,-569.8638
102.1355,195.1913,125.5816,-570.4658
102.1453,196.1626,124.31,-571.2841
102.1551,195.6371,124.3088,-571.0651
102.1649,195.3396,124.9083,-570.9915
102.1747,195.2625,124.5328,-570.8437
102.1846,195.6385,124.3852,-571.5148
102.1944,194.8877,124.3088,-571.2987
102.2042,195.3381,124.5335,-571.0677
102.214,194.2134,124.9804,-570.4041
102.2238,195.0361,124.7547,-569.8705
102.2337,194.4396,125.5788,-569.7994
102.2435,194.5891,125.5038,-569.723
102.2533,195.1111,124.4563,-570.3956
102.2631,194.8128,125.4278,-569.3457
102.273,195.4857,124.4562,-570.2414
102.2828,195.0354,124.3062,-570.397
102.2926,195.1109,124.6799,-569.9448
102.3024,195.4098,124.3805,-570.0175
102.3122,194.7375,125.3528,-569.3468
102.322,194.8104,125.3504,-568.5209
102.3319,194.8128,125.5024,-569.1954
102.3417,195.0383,125.5778,-569.2676
102.3515,194.8115,124.9787,-569.6473
102.3613,195.262,125.0544,-569.7169
102.3711,195.1873,125.2039,-569.5671
102.3809,195.1858,124.9782,-569.343
102.3908,195.0366,125.2028,-569.2689
102.4006,195.0355,124.754,-569.6455
102.4104,195.1109,125.202,-568.9681
102.4202,194.8114,125.2024,-569.1965
102.43,194.9633,125.8016,-568.8926
102.4399,195.26,124.9028,-569.1924
102.4497,195.3346,124.3056,-570.0936
102.4595,195.4838,124.4539,-569.4915
102.4694,195.484,124.0067,-570.3929
102.4791,195.7841,124.5293,-569.4877
102.489,195.9335,124.3048,-569.6367
102.4988,195.7847,124.7538,-569.3369
102.5086,195.5588,124.7524,-568.9645
102.5184,195.3339,124.9016,-568.7416
102.5283,194.9606,125.2762,-568.7445
102.5381,195.0329,124.7508,-568.5955
102.5479,196.0078,124.0804,-569.7866
102.5577,195.5586,124.4538,-569.4155
102.5676,195.7089,124.156,-570.0898
102.5774,195.4847,124.5296,-569.7161
102.5872,195.7841,123.7833,-570.8403
102.597,195.3349,123.7838,-571.1454
102.6068,195.9334,123.4096,-571.2149
102.6167,195.2608,123.8594,-571.371
102.6265,195.5594,123.7088,-571.0681
102.6363,195.1846,123.6341,-571.2977
102.6461,195.7848,123.5603,-571.516
102.6559,194.6597,123.186,-572.1303
102.6657,195.7087,123.1859,-571.7432
102.6756,195.5592,123.4101,-571.5191
102.6854,195.8578,122.7374,-572.1931
102.6952,195.9336,123.0368,-571.9662
102.705,195.5594,122.9628,-572.4208
102.7148,195.6357,123.2629,-572.4188
102.7246,195.4861,123.6362,-571.8942
102.7345,195.1859,123.3372,-572.3488
102.7443,195.5607,122.9644,-572.9457
102.7541,196.0098,122.5907,-573.2419
102.7639,195.4118,123.1147,-573.0969
102.7738,196.3088,122.6644,-572.7132
102.7836,196.4592,122.5905,-573.0117
102.7934,195.934,122.9627,-572.2664
102.8032,196.759,122.6651,-572.783
102.8131,195.4102,123.5604,-571.6703
102.8228,196.1597,123.4859,-571.587
102.8327,195.5596,123.709,-571.1431
102.8425,196.0852,123.8595,-571.1365
102.8523,196.7559,122.4376,-571.9588
102.8622,196.8319,122.5881,-572.1074
102.872,197.0578,122.7386,-572.1793
102.8818,197.0572,122.5141,-572.3301
102.8916,197.0566,122.8863,-571.4287
102.9015,197.1328,122.9625,-571.8026
102.9113,196.6831,123.2607,-571.3568
102.9211,197.3575,123.2607,-571.124
102.9309,197.0586,123.4109,-571.2769
102.9407,197.3569,122.9616,-571.425
102.9505,197.6557,122.4383,-571.8734
102.9603,197.5067,122.9615,-571.3483
102.9701,198.1805,122.4386,-571.7924
102.98,197.5072,123.1113,-571.2728
102.9897,198.3307,122.5882,-571.6401
102.9995,197.7333,123.1129,-571.7202
103.0094,198.0318,123.1859,-570.9666
103.0192,197.1303,122.8103,-571.0532
103.029,197.283,123.6343,-570.6735
103.0388,197.4322,123.1113,-571.2737
103.0486,197.8804,122.8112,-571.1196
103.0584,197.8055,123.1096,-570.5944
103.0683,198.0306,123.1846,-570.5165
103.0781,197.8049,122.7359,-571.0457
103.0879,197.7288,122.66,-570.7468
103.0977,197.9543,122.7354,-570.819
103.1075,197.9542,123.0336,-570.218
103.1174,197.5806,123.2587,-570.3715
103.1272,197.506,123.6321,-569.846
103.137,197.5819,123.5587,-570.3704
103.1468,197.1296,122.9587,-570.5277
103.1566,198.2563,122.8873,-571.34
103.1664,197.2795,122.5111,-571.2775
103.1763,197.2799,122.7354,-571.0518
103.1861,197.6536,121.9883,-571.8751
103.1959,197.73,122.5868,-571.3471
103.2057,197.581,122.5132,-571.874
103.2155,196.9049,122.4366,-571.5821
103.2254,196.9058,122.9598,-570.9803
103.2352,196.3072,123.1102,-571.2866
103.245,197.2795,121.8397,-572.4799
103.2549,197.3541,121.8393,-572.329
103.2647,197.5063,122.2897,-572.4007
103.2745,196.9794,121.9885,-572.1828
103.2843,197.4285,121.6149,-572.479
103.2941,197.5055,122.0649,-572.4766
103.304,197.5054,121.9156,-572.702
103.3138,196.8345,123.3372,-571.8047
103.3236,197.5801,122.4375,-571.6494
103.3334,196.9056,122.5121,-571.7318
103.3432,197.7305,122.4381,-571.7975
103.3531,198.1018,121.4644,-572.0967
103.3629,197.6557,122.6622,-571.4976
103.3727,197.8786,122.1376,-571.5719
103.3825,198.2526,121.8384,-571.7187
103.3923,198.1024,122.211,-570.9692
103.4022,198.326,121.6873,-571.3434
103.412,197.6535,122.5849,-570.748
103.4218,197.5793,122.8841,-570.5228
103.4316,197.6519,122.4338,-570.3735
103.4414,198.1788,122.6604,-570.7416
103.4512,197.8759,121.836,-571.048
103.4611,197.8019,122.1355,-570.8979
103.4709,197.951,121.9854,-570.8217
103.4807,197.8778,122.2112,-571.1217
103.4905,198.477,122.1364,-570.9651
103.5003,198.1021,121.9869,-571.2699
103.5102,197.5802,122.8853,-570.8978
103.52,198.4024,122.1367,-571.116
103.5298,197.3537,122.9578,-570.1501
103.5396,198.1759,121.4633,-571.7209
103.5494,198.1013,121.4637,-571.8717
103.5593,198.0267,121.9864,-571.1208
103.5691,198.0254,121.388,-571.6479
103.5789,198.1761,121.8365,-571.1196
103.5887,198.3268,121.8376,-571.4178
103.5985,198.1761,121.6874,-571.42
103.6083,198.0256,122.0596,-570.5206
103.6182,198.1765,122.3593,-570.3677
103.628,197.728,122.8082,-570.1463
103.6378,197.6532,122.7338,-570.3724
103.6476,197.7993,121.6103,-570.8247
103.6574,197.8011,122.06,-570.7481
103.6673,197.5,121.76,-570.8276
103.6771,197.5014,121.9854,-570.9769
103.687,197.5014,121.687,-571.5028
103.6968,197.2025,122.061,-571.28
103.7066,198.0265,121.0909,-572.6239
103.7164,197.429,121.7646,-572.4034
103.7262,197.5799,121.7659,-572.7767
103.7361,197.4292,121.3173,-573.3049
103.7459,197.5785,120.8691,-573.8298
103.7557,197.9558,121.096,-574.3497
103.7655,197.5809,120.9465,-574.6545
103.7753,197.7342,121.5474,-574.8757
103.7851,197.8835,121.0245,-575.5508
103.7949,198.0328,120.8747,-575.5496
103.8048,197.5083,121.3969,-574.8038
103.8146,196.9843,121.0246,-575.8612
103.8244,197.3588,121.2481,-575.256
103.8342,196.9861,121.5489,-575.6343
103.844,197.5844,121.1745,-575.6287
103.8538,197.4342,120.5027,-576.7578
103.8637,197.0615,121.1764,-576.4597
103.8735,197.9574,120.2773,-576.4525
103.8833,197.8848,120.6531,-576.7521
103.8931,197.96,120.9519,-576.3001
103.9029,198.3352,120.5795,-577.0471
103.9128,197.2118,121.4754,-576.0819
103.9226,197.6602,121.0263,-576.2283
103.9324,197.4363,121.4005,-576.0046
103.9422,198.3355,121.1765,-576.07
103.952,198.1847,120.8025,-576.4481
103.9618,198.185,120.9521,-576.2975
103.9717,198.1878,121.7759,-575.9196
103.9815,198.7079,120.7262,-575.8424
103.9913,198.4098,121.3996,-575.3934
104.0011,197.8129,122.2979,-575.0222
104.0109,198.0364,121.8488,-575.2462
104.0208,198.1856,121.6241,-575.3202
104.0306,197.9627,122.2978,-574.9454
104.0404,199.0864,121.5514,-575.7601
104.0502,199.2358,121.1779,-576.2097
104.06,199.1614,121.4769,-575.9094
104.0698,199.3866,121.1044,-576.6582
104.0797,199.163,121.628,-576.2839
104.0895,198.4859,121.028,-576.5189
104.0993,198.5638,121.6283,-576.5909
104.1091,199.1625,121.5528,-576.2092
104.1189,198.8657,122.0038,-576.661
104.1287,198.7908,122.0785,-576.5867
104.1386,199.2403,121.5562,-577.3334
104.1484,199.0156,121.4817,-577.5612
104.1582,198.7164,121.7807,-577.3386
104.168,198.4162,121.4072,-577.9433
104.1778,198.4923,121.4832,-578.2422
104.1876,198.4905,121.3319,-577.7927
104.1975,198.1905,121.7045,-577.1199
104.2073,198.4151,121.7043,-576.9673
104.2171,197.966,122.078,-576.6711
104.2269,198.0424,122.6019,-576.2934
104.2367,198.1173,122.4527,-576.5181
104.2466,197.8167,122.2278,-576.6723
104.2564,198.6402,121.4809,-577.4155
104.2662,198.1927,121.7818,-577.8696
104.276,198.118,122.0058,-577.5696
104.2858,198.1188,121.4847,-578.8465
104.2957,198.3442,121.4108,-579.1441
104.3055,198.1952,121.7102,-578.9948
104.3153,198.0463,121.7114,-579.4465
104.3251,197.7485,122.5343,-578.8471
104.3349,197.599,122.46,-579.149
104.3448,198.0473,121.7125,-579.8215
104.3546,197.9724,121.7872,-579.7471
104.3644,197.9733,121.9374,-579.8215
104.3742,197.8998,122.3121,-579.7461
104.384,198.3492,121.9389,-580.1923
104.3939,197.6017,122.9109,-579.4474
104.4037,198.5745,122.0141,-580.1894
104.4135,197.9011,122.6867,-579.5948
104.4233,197.6008,122.6114,-579.5985
104.4331,197.3773,122.9859,-579.5247
104.4429,197.6031,123.2109,-579.4464
104.4528,198.1239,121.8637,-580.1951
104.4626,197.7496,122.2372,-579.8231
104.4724,197.6772,123.0608,-579.371
104.4822,197.4526,122.9865,-579.6738
104.492,197.3772,123.0605,-579.3745
104.5018,197.1521,123.2094,-579.0765
104.5117,197.0768,123.2088,-578.9274
104.5215,197.3032,123.6584,-578.6982
104.5313,196.6266,123.2827,-578.7073
104.5411,197.7518,123.135,-579.0699
104.5509,197.375,122.5357,-579.4514
104.5608,197.3777,123.5087,-578.7729
104.5706,197.3017,123.0598,-579.1503
104.5804,197.2272,123.4333,-578.7
104.5902,197.6781,123.5094,-578.9194
104.6,197.3035,123.435,-579.224
104.6099,196.7038,123.9569,-578.4041
104.6197,197.0045,124.1817,-578.2498
104.6295,197.1532,124.1058,-577.8734
104.6393,197.5291,123.6597,-579.0706
104.6491,197.3789,123.4355,-579.3731
104.6589,197.1552,124.1082,-578.6984
104.6688,197.3053,123.8847,-579.1474
104.6786,197.3784,123.2857,-579.4487
104.6884,196.4815,124.2583,-578.9306
104.6982,197.1541,123.4355,-579.4507
104.7081,196.9306,124.1085,-578.851
104.7179,196.7076,124.7074,-578.5514
104.7277,196.3334,124.8572,-578.6302
104.7375,196.8545,123.6595,-579.2284
104.7473,196.4823,124.2592,-579.2306
104.7572,196.707,124.3337,-579.0027
104.767,196.6308,124.1084,-578.9294
104.7768,196.7819,124.5574,-578.5511
104.7866,196.9285,123.8821,-578.4018
104.7964,196.4074,125.0053,-577.9538
104.8062,196.5574,124.5579,-578.7787
104.8161,196.258,125.0058,-578.1805
104.8259,195.9589,125.3796,-577.8826
104.8357,195.9616,125.6812,-578.4066
104.8455,196.5586,124.5592,-579.2286
104.8553,196.0351,124.6351,-579.6844
104.8652,196.3357,124.5615,-580.0562
104.875,196.3381,125.3849,-579.5283
104.8848,196.713,125.0869,-580.05
104.8946,196.7128,125.0866,-579.975
104.9044,196.7874,125.1608,-579.6739
104.9142,195.6647,125.61,-579.7603
104.9241,196.0413,126.3583,-579.0782
104.9339,196.3419,126.3592,-579.2998
104.9437,196.4899,125.7603,-579.6003
104.9535,196.339,125.0876,-580.4293
104.9633,196.3411,125.687,-580.2022
104.9732,196.2652,125.2382,-580.6547
104.983,196.4917,125.6132,-580.5757
104.9928,196.1922,125.9866,-580.1279
105.0026,196.4922,125.763,-580.5002
105.0124,196.0434,126.2862,-580.0535
105.0222,196.1182,126.659,-579.3013
105.0321,195.8927,126.509,-579.3795
105.0419,196.6448,126.8107,-579.6697
105.0517,195.9669,125.9859,-579.9805
105.0615,196.8682,125.9883,-580.4951
105.0713,196.4915,126.0605,-579.6741
105.0812,196.6422,126.0616,-579.9725
105.091,196.6432,126.585,-579.4456
105.1008,196.2683,126.5846,-579.4499
105.1106,196.4191,127.1079,-578.8464
105.1204,196.4198,127.3325,-578.6956
105.1303,195.8218,128.1549,-578.0245
105.1401,196.8686,126.8841,-579.0669
105.1499,196.4937,126.8092,-579.2215
105.1597,196.4949,127.3328,-578.7697
105.1695,196.8685,126.8093,-579.1422
105.1794,196.7185,127.1821,-578.4677
105.1892,196.4945,127.4069,-578.4695
105.199,196.4937,127.4805,-578.0192
105.2088,196.4974,128.0817,-578.392
105.2186,196.1972,128.0812,-578.3205
105.2284,196.1217,128.2297,-577.8708
105.2382,196.4962,127.8564,-578.3178
105.2481,196.8701,127.4079,-578.6901
105.2579,196.1974,128.3053,-578.0197
105.2677,195.8967,127.9311,-578.3995
105.2775,196.1976,128.38,-577.9444
105.2873,196.0475,128.156,-578.322
105.2972,196.2738,128.6053,-578.0178
105.307,196.648,128.3064,-578.2395
105.3168,196.1214,128.0802,-578.0214
105.3266,194.8493,129.0522,-577.4326
105.3364,196.1989,128.9785,-577.4173
105.3462,196.4973,128.6037,-577.4152
105.3561,196.4964,128.379,-577.491
105.3659,196.6473,128.5293,-577.5637
105.3757,196.4978,128.9028,-577.1141
105.3855,196.573,128.5302,-577.8646
105.3953,196.7248,128.8307,-578.0118
105.4051,196.4998,128.8305,-578.0144
105.415,196.4264,129.0562,-578.2394
105.4248,195.8284,129.804,-577.7187
105.4346,195.754,130.0285,-577.5687
105.4444,195.7552,130.0298,-578.0187
105.4542,196.3541,129.6561,-578.2382
105.4641,195.7539,129.8791,-577.7943
105.4739,196.0527,129.8033,-577.4161
105.4837,195.9774,129.5046,-577.868
105.4935,195.6036,130.177,-577.12
105.5033,195.9774,129.5791,-577.7178
105.5131,194.707,130.9261,-577.1277
105.523,195.1557,130.552,-577.2739
105.5328,194.6322,130.9262,-577.2036
105.5426,194.9306,130.7009,-576.9759
105.5524,194.4062,130.2535,-578.0334
105.5622,195.2316,130.5532,-577.6479
105.572,194.7828,130.8525,-577.577
105.5819,195.0048,130.0286,-577.8773
105.5917,194.5563,130.776,-577.1299
105.6015,194.7827,130.9271,-577.4268
105.6113,194.1083,131.3746,-576.833
105.6211,193.9595,131.5997,-576.9089
105.631,193.5818,131.3723,-576.2391
105.6408,194.2574,131.15,-576.907
105.6506,194.1817,130.8506,-577.134
105.6604,193.9574,131.2242,-576.7603
105.6702,194.1069,131.0001,-576.9843
105.68,193.3583,131.4484,-576.6913
105.6899,194.1808,130.9988,-576.5334
105.6997,193.6594,131.4501,-577.1379
105.7095,193.8086,131.8968,-576.0096
105.7193,193.5085,131.7472,-576.2386
105.7291,193.5094,132.1213,-575.9372
105.7389,193.1342,132.1953,-575.7163
105.7488,193.8832,131.4489,-576.6853
105.7586,193.8829,131.7469,-576.0092
105.7684,193.7335,131.6729,-576.3862
105.7782,193.8828,131.2991,-576.7608
105.788,193.7332,131.5979,-576.3865
105.7978,193.5834,131.8964,-575.9371
105.8077,193.5091,132.2702,-575.5617
105.8175,193.1352,132.7932,-575.0392
105.8273,193.3602,133.0173,-574.6608
105.8372,193.359,132.9412,-574.2861
105.847,193.7337,132.6429,-574.7328
105.8568,193.8827,132.4181,-574.7319
105.8666,194.0332,132.568,-574.6547
105.8764,194.107,132.6413,-574.0535
105.8863,193.8818,132.1185,-574.8829
105.896,194.2558,132.4908,-573.8274
105.9059,194.0319,132.4919,-574.28
105.9157,194.0335,132.9414,-574.1284
105.9255,193.7338,133.2398,-573.6807
105.9353,193.5853,133.316,-574.1322
105.9452,194.0336,132.4193,-575.1052
105.9549,194.5587,132.3453,-575.2494
105.9648,194.0336,132.1209,-575.6312
105.9746,194.5604,132.6458,-575.3984
105.9844,194.41,132.1229,-576.1519
105.9942,194.1853,132.5706,-575.478
106.0041,194.71,132.347,-575.7727
106.0139,194.1104,133.0183,-574.7272
106.0237,194.7098,132.6452,-575.1716
106.0335,194.5606,132.7205,-575.3231
106.0433,194.2598,132.6448,-575.1768
106.0532,195.3069,131.6726,-575.7682
106.063,194.9334,132.4946,-574.8696
106.0728,195.3818,131.8963,-575.3165
106.0826,195.1594,132.3468,-575.5425
106.0924,195.459,132.4957,-575.0886
106.1022,195.5332,132.1965,-575.3137
106.1121,195.3092,132.7197,-574.7894
106.1218,195.5327,132.3451,-574.8632
106.1317,195.3825,132.3448,-574.7899
106.1415,195.982,132.1956,-574.8585
106.1513,196.1327,132.0473,-575.3824
106.1611,195.9081,132.3459,-575.0089
106.171,196.1312,131.8964,-575.0829
106.1808,195.9076,132.1962,-575.0844
106.1906,196.3562,132.0457,-574.7797
106.2004,196.5058,131.9708,-574.7783
106.2102,196.2829,132.6445,-574.4034
106.22,196.7307,131.8963,-574.851
106.2298,195.9823,132.7181,-574.0317
106.2396,195.4552,131.6707,-575.0915
106.2494,196.9545,131.6713,-574.7742
106.2593,196.9543,131.8949,-574.3235
106.2691,197.1056,131.9712,-574.6964
106.2789,197.3268,130.9971,-574.9223
106.2887,197.7036,131.4472,-574.8414
106.2985,197.4038,131.5217,-574.7695
106.3083,197.3287,131.6707,-574.4698
106.3181,197.4795,131.8957,-574.3923
106.328,197.18,132.1197,-574.17
106.3378,197.7032,131.2229,-575.0672
106.3476,197.6302,131.3744,-575.5925
106.3574,198.0785,131.2237,-575.2128
106.3672,198.0024,130.9239,-575.2898
106.3771,198.0044,131.3739,-575.2882
106.3869,198.2278,130.7755,-575.7377
106.3967,197.9284,131.0743,-575.4401
106.4065,198.6027,130.6265,-575.9589
106.4163,197.8548,131.4487,-575.2896
106.4261,198.0785,131.3728,-574.9123
106.436,198.1529,131.0738,-575.2125
106.4458,198.8262,130.3265,-575.8823
106.4556,198.9029,130.9254,-575.5044
106.4654,198.9756,130.326,-575.6557
106.4752,199.0511,130.7742,-575.0533
106.485,198.975,130.3998,-575.2805
106.4949,199.2756,130.3262,-575.6522
106.5047,199.048,129.8754,-575.4315
106.5145,198.4515,130.6995,-575.3604
106.5243,198.9017,130.8493,-575.1296
106.5341,199.2015,130.4764,-575.7276
106.5439,199.0512,130.3267,-575.8798
106.5538,199.7251,129.58,-576.7747
106.5636,199.3511,130.0285,-576.4024
106.5734,199.6515,129.4325,-577.601
106.5832,199.8763,129.2834,-577.8239
106.593,199.8018,129.806,-577.073
106.6029,199.6512,129.2084,-577.9018
106.6127,199.1281,130.1799,-576.9294
106.6225,199.6506,130.0282,-576.1739
106.6323,199.0519,129.9546,-576.8561
106.6421,199.5741,129.2804,-576.9275
106.6519,199.4256,129.282,-577.5291
106.6617,199.8749,129.0579,-577.6747
106.6716,199.5741,128.9819,-577.4534
106.6814,199.7238,128.6834,-577.9028
106.6912,199.7262,129.283,-577.7507
106.701,199.3511,129.0587,-578.1307
106.7108,199.1992,129.0564,-577.3826
106.7206,198.9754,129.2814,-577.4593
106.7305,198.9751,129.2064,-577.4595
106.7403,199.6481,128.6825,-577.6037
106.7501,199.3473,128.159,-578.209
106.7599,198.4488,128.8313,-577.6169
106.7697,199.6464,127.9345,-578.2813
106.7796,200.2474,128.2346,-578.1234
106.7894,200.2458,127.9344,-578.0494
106.7992,200.022,128.1594,-578.1262
106.809,200.0956,127.934,-577.9762
106.8188,199.2724,128.2337,-578.1346
106.8286,199.7225,128.6073,-577.5281
106.8385,199.872,128.5322,-577.4516
106.8483,200.4711,127.7857,-578.4224
106.8581,199.9466,128.308,-577.6766
106.8679,199.7957,127.8592,-578.1298
106.8777,200.3226,128.1604,-578.3478
106.8875,200.6232,128.0868,-578.7196
106.8974,200.0979,128.3097,-578.1998
106.9072,200.9214,127.7866,-578.5672
106.917,200.0251,128.8344,-578.1238
106.9268,201.0739,128.2372,-578.7139
106.9366,200.3994,128.3863,-578.6461
106.9464,201.2239,128.0883,-579.0126
106.9562,200.5492,127.9387,-579.3959
106.966,201.4482,127.7146,-579.3864
106.9759,201.6726,127.7141,-579.1588
106.9857,201.5977,127.4904,-579.6104
106.9955,201.8975,127.2666,-579.9078
107.0053,201.7488,127.8649,-579.3824
107.0151,201.5999,128.0898,-579.3833
107.0249,201.6734,128.0135,-578.9327
107.0347,201.7526,128.6153,-579.5297
107.0445,202.1992,127.2689,-580.5793
107.0544,202.5762,127.7193,-580.5734
107.0641,202.8743,127.2698,-580.6465
107.074,202.8767,127.7948,-580.6447
107.0838,202.9505,127.2712,-581.0956
107.0936,202.9515,127.7201,-580.719
107.1034,203.4011,127.0487,-581.7663
107.1133,202.2795,128.1706,-581.1002
107.1231,203.0294,127.9474,-581.4673
107.1329,202.9556,128.1726,-581.5424
107.1427,203.1804,127.9487,-581.8406
107.1525,203.3291,127.0522,-582.967
107.1624,203.9297,127.0535,-583.1852
107.1722,203.4828,127.5789,-583.4885
107.182,203.931,126.8312,-584.0859
107.1918,203.6334,127.5052,-583.8619
107.2016,203.9375,127.958,-584.6819
107.2114,203.1874,128.1809,-584.2397
107.2213,203.3369,128.0313,-584.3135
107.231,203.0382,128.1071,-584.6918
107.2409,204.0887,127.8849,-585.2804
107.2507,204.5366,127.2115,-585.6526
107.2605,204.1638,127.7359,-585.58
107.2703,204.6103,126.837,-585.8031
107.2802,204.0895,128.1097,-585.2046
107.2899,204.9873,127.2128,-585.9474
107.2998,204.5379,127.2876,-586.0273
107.3096,204.9875,127.2876,-585.8722
107.3194,204.838,127.3627,-585.9486
107.3292,204.3154,128.484,-584.9007
107.339,204.8376,127.4368,-585.6484
107.3488,204.9148,127.8125,-585.8712
107.3587,204.9895,127.663,-586.0208
107.3685,205.2133,127.1396,-586.4701
107.3783,205.2882,126.9904,-586.6947
107.3881,205.2137,127.2146,-586.4698
107.3979,204.9896,127.141,-586.9977
107.4077,205.5153,127.2915,-586.9911
107.4176,205.2162,127.6653,-586.6932
107.4274,204.8434,128.2643,-586.4705
107.4372,205.5145,127.0667,-587.0668
107.447,204.9929,127.7417,-587.2205
107.4568,205.6661,127.218,-587.4396
107.4666,205.1419,127.2184,-587.7457
107.4764,204.9916,127.2926,-587.5221
107.4863,204.9144,126.5438,-587.9756
107.4961,205.0646,126.9172,-587.3726
107.5059,204.7664,127.0682,-587.8255
107.5157,204.7665,127.143,-587.7502
107.5255,204.6168,127.7399,-586.7748
107.5354,204.5415,127.2919,-587.4523
107.5452,205.1397,126.6936,-587.8225
107.555,204.9898,126.8428,-587.5987
107.5648,204.2409,126.8434,-588.0574
107.5746,204.8416,127.2924,-587.5238
107.5844,205.2152,126.6944,-588.0467
107.5943,204.7673,127.3678,-587.6744
107.6041,204.9152,126.7686,-587.8998
107.6139,204.0929,127.6662,-587.3812
107.6237,204.7672,127.5914,-587.2236
107.6335,204.4676,127.6662,-587.2268
107.6434,204.9934,127.5184,-587.8213
107.6532,204.9154,126.4704,-588.5009
107.663,205.1425,127.3684,-587.7451
107.6728,205.2929,127.2944,-588.0436
107.6826,205.5165,126.7708,-588.4179
107.6925,205.1423,127.0697,-588.1962
107.7023,205.2918,126.9201,-588.2699
107.7121,205.1419,127.0693,-588.0462
107.7219,205.2896,126.7683,-587.6705
107.7317,205.5162,126.9196,-588.0424
107.7416,205.7415,126.8455,-588.265
107.7514,205.4416,126.6216,-588.7192
107.7612,205.5168,126.9203,-588.2673
107.771,205.5168,126.5473,-588.9437
107.7808,205.219,126.9973,-589.0205
107.7907,205.9664,126.5473,-588.7885
107.8005,205.444,127.1466,-588.7174
107.8103,205.6682,127.0714,-588.5651
107.8201,205.6672,126.9209,-588.4156
107.8299,204.8458,127.9688,-587.9714
107.8398,205.8186,127.072,-588.7134
107.8496,205.965,126.3219,-588.6393
107.8594,205.7407,126.8446,-587.9651
107.8692,205.6677,126.9961,-588.4904
107.879,206.1904,126.621,-588.2606
107.8889,205.741,126.6212,-588.4908
107.8987,206.1915,126.473,-588.9362
107.9085,205.9678,127.0712,-588.4116
107.9183,205.5189,126.9228,-589.0923
107.9281,205.3706,127.5961,-588.5666
107.9379,205.4471,127.9709,-588.4895
107.9478,205.8943,126.7745,-589.5386
107.9576,206.1187,126.9231,-589.0104
107.9674,206.1194,126.9986,-589.1602
107.9772,206.0432,126.8479,-588.9365
107.987,206.5685,126.6249,-589.4563
107.9968,205.7437,126.9228,-589.0147
108.0067,206.4185,126.5502,-589.6083
108.0165,205.7442,127.0726,-588.9392
108.0263,205.6696,127.2968,-588.7143
108.0361,205.37,127.3715,-588.7175
108.0459,206.7918,126.1756,-589.6053
108.0558,206.1917,126.4732,-589.0112
108.0656,206.5674,126.4745,-589.3068
108.0754,206.342,126.4738,-589.1595
108.0852,206.3429,126.2511,-589.9102
108.095,206.1169,126.3243,-589.3876
108.1048,206.1154,126.0986,-589.1634
108.1147,205.9689,126.7741,-589.3877
108.1245,206.119,126.9981,-589.0101
108.1343,205.5949,127.4463,-588.5646
108.1441,205.969,127.0726,-588.8616
108.1539,206.7915,126.399,-589.0795
108.1637,205.8924,126.9213,-588.488
108.1735,206.1927,126.3252,-589.6867
108.1834,206.1177,126.6982,-589.0112
108.1932,206.4174,126.4744,-589.3085
108.203,206.3435,126.5502,-589.6092
108.2128,206.1917,126.4732,-589.0112
108.2226,205.9684,126.9973,-588.7869
108.2324,205.8198,127.2972,-588.7876
108.2422,206.4179,126.6241,-589.2331
108.252,206.4182,126.4007,-589.7588
108.2618,206.8672,126.2507,-589.6042
108.2716,207.0188,126.6258,-589.6012
108.2814,206.6425,126.3255,-589.6066
108.2913,207.3196,126.9254,-589.3716
108.3011,207.4698,126.8513,-589.5952
108.3109,207.2457,127.3742,-588.9959
108.3207,207.322,127.3759,-589.52
108.3305,206.6487,128.0486,-589.0004
108.3403,207.9182,126.4021,-589.7415
108.3502,207.6959,127.0019,-589.742
108.36,207.4723,127.5256,-589.3677
108.3698,207.6188,126.6264,-589.5943
108.3796,207.7692,126.9254,-589.2165
108.3894,207.92,126.9265,-589.5148
108.3992,207.8448,126.9262,-589.4406
108.4091,207.9951,127.0013,-589.4386
108.4189,207.7729,127.452,-589.7395
108.4287,207.3242,128.1245,-589.0674
108.4385,207.399,127.7514,-589.6678
108.4483,207.9219,126.8542,-590.4149
108.4581,207.848,127.303,-590.0392
108.468,207.3985,127.3777,-590.1191
108.4778,207.8492,127.5282,-590.1134
108.4876,208.1476,126.8553,-590.7124
108.4974,207.6247,127.5286,-590.341
108.5072,208.0745,127.2304,-590.7869
108.5171,207.2489,127.3781,-590.2709
108.5269,207.476,128.0522,-589.8909
108.5367,207.4749,127.8271,-589.8917
108.5465,207.7003,127.5294,-590.5651
108.5563,206.4274,127.6052,-591.2545
108.5661,207.552,127.6058,-591.0916
108.576,207.778,128.1295,-590.5621
108.5858,207.6272,127.457,-591.4662
108.5956,207.475,127.0812,-591.2443
108.6054,206.9508,127.3055,-591.1746
108.6152,207.101,127.3804,-591.0976
108.625,207.0279,127.9794,-590.7963
108.6349,206.5778,128.1281,-590.5009
108.6447,206.5774,127.5308,-591.403
108.6545,207.4758,127.306,-591.1685
108.6643,206.8788,127.7565,-591.5487
108.6741,207.4042,127.6829,-591.843
108.6839,207.103,127.4574,-591.7723
108.6938,206.8778,127.5315,-591.5496
108.7036,207.1032,127.4576,-591.8473
108.7134,206.728,127.7555,-591.2505
108.7233,207.0297,128.0562,-591.396
108.7331,206.4308,128.2806,-591.4021
108.7429,207.0299,127.8326,-591.8468
108.7527,207.2528,127.0844,-592.3718
108.7625,207.3297,127.6835,-592.0688
108.7723,207.2546,127.3103,-592.671
108.7822,207.7036,127.0111,-592.817
108.792,207.6299,127.4602,-592.5162
108.8018,207.2535,127.2344,-592.3713
108.8116,206.8808,127.9081,-592.0732
108.8214,207.3307,127.9085,-592.0681
108.8312,206.4335,128.5077,-592.0763
108.8411,207.4806,127.7594,-592.2918
108.8509,207.7058,127.5359,-592.7401
108.8607,207.6299,127.6841,-592.1404
108.8705,207.854,127.2356,-592.5894
108.8803,207.2563,127.9837,-592.1437
108.8902,207.8554,127.5356,-592.5884
108.9,207.4806,127.7594,-592.2918
108.9098,207.6313,127.6856,-592.6653
108.9196,207.2565,127.9094,-592.3689
108.9294,207.2569,128.2828,-591.8426
108.9392,207.7805,127.6103,-592.514
108.9491,207.8538,127.3845,-592.2139
108.9589,207.8547,127.7586,-591.9125
108.9687,207.4051,127.7586,-592.0677
108.9785,207.4801,127.4603,-592.593
108.9883,207.4046,127.6088,-592.1432
108.9981,207.1039,127.4585,-592.1473
109.0079,207.4792,127.6085,-591.9924
109.0177,206.8049,127.8324,-591.8494
109.0276,206.7307,128.1316,-591.6241
109.0374,206.7317,128.3566,-591.6234
109.0472,206.6546,127.6081,-592.1519
109.057,207.0299,127.4596,-592.5231
109.0668,206.4304,127.3104,-592.9805
109.0766,206.6551,127.4595,-592.6024
109.0864,206.6551,127.0119,-593.429
109.0963,206.5786,127.0101,-592.8299
109.1061,206.4294,127.0108,-593.1315
109.1159,205.9806,127.1611,-593.3612
109.1257,205.8322,128.2071,-592.0842
109.1355,205.6062,127.6089,-592.7639
109.1453,206.5029,126.6361,-593.207
109.1552,206.2039,126.9354,-593.0594
109.165,206.4276,126.7849,-592.8324
109.1748,205.9792,127.3831,-592.3854
109.1846,206.2031,126.9345,-592.7595
109.1944,205.6789,127.2333,-592.5394
109.2042,206.4265,126.7836,-592.3824
109.2141,205.6796,127.6817,-592.0128
109.2239,205.6763,127.081,-591.79
109.2337,205.3046,127.9798,-591.4911
109.2435,206.0534,127.4568,-591.9343
109.2533,206.5013,126.858,-592.1563
109.2631,205.9774,127.4557,-591.5602
109.273,206.5024,127.3068,-591.7797
109.2828,205.9768,126.8581,-592.3873
109.2926,206.0523,127.381,-591.6346
109.3024,205.9775,126.9336,-592.537
109.3122,206.0537,127.5318,-591.934
109.322,206.0513,127.1559,-591.6354
109.3318,205.4521,127.3801,-591.5665
109.3417,206.2019,127.0822,-592.0089
109.3515,206.277,126.8587,-592.4589
109.3613,205.8275,127.0825,-592.2383
109.3711,206.3526,127.0833,-592.3072
109.3809,205.7549,127.5329,-592.3875
109.3907,206.3531,127.3076,-592.0814
109.4006,206.1275,127.0083,-592.385
109.4104,205.7555,128.1304,-591.5604
109.4202,206.1271,127.1569,-591.9345
109.43,205.3813,128.3548,-591.4889
109.4398,205.3791,127.2332,-592.6179
109.4496,206.2034,127.084,-592.6089
109.4595,206.0543,127.458,-592.3093
109.4693,205.7552,127.5334,-592.5375
109.4791,206.0523,126.7096,-592.837
109.4889,206.2773,127.0082,-592.3083
109.4987,206.3516,126.8583,-592.308
109.5085,206.2015,127.0818,-591.8589
109.5183,205.9029,127.3815,-591.8613
109.5282,205.5274,127.5298,-591.4151
109.538,205.9791,127.8307,-591.5588
109.5478,205.6779,127.3813,-591.8639
109.5576,206.5023,127.3814,-591.6294
109.5674,206.2765,127.0073,-592.0083
109.5772,206.0526,127.5305,-591.4841
109.5871,206.9501,126.8571,-591.7011
109.5969,206.2787,127.8305,-591.4054
109.6067,206.3507,127.1556,-591.4069
109.6165,206.2024,127.9034,-590.7311
109.6263,206.1286,128.2031,-590.6559
109.6361,205.9036,128.1283,-590.8087
109.646,206.8748,127.155,-591.0259
109.6558,206.877,127.6052,-591.0994
109.6656,206.5012,127.38,-591.1794
109.6754,206.5779,127.979,-590.8015
109.6852,207.1025,127.6806,-591.1714
109.6951,206.7275,127.6803,-591.1758
109.7049,206.652,127.605,-591.102
109.7147,206.1256,127.379,-590.9588
109.7245,206.4253,127.9011,-589.9035
109.7343,206.2762,127.9767,-590.1299
109.7441,206.5742,127.4524,-590.2783
109.754,206.8739,127.0047,-590.9515
109.7638,206.7262,127.9771,-590.1248
109.7736,207.3259,127.4552,-590.9447
109.7834,207.0227,126.8542,-590.7253
109.7932,206.9497,127.3041,-590.7246
109.803,207.0251,127.3046,-590.8737
109.8129,206.6484,127.2277,-590.3533
109.8227,206.7978,127.6001,-589.4503
109.8325,206.3503,127.9011,-589.9044
109.8423,206.8744,127.4529,-590.3499
109.8521,207.1742,127.08,-590.9478
109.862,207.0987,127.0047,-590.8739
109.8718,206.9491,127.3034,-590.4996
109.8816,206.9489,127.0048,-590.9506
109.8914,207.2494,127.4533,-590.3456
109.9012,207.1729,127.0039,-590.5731
109.911,206.5767,128.2013,-589.9007
109.9209,206.8006,127.9765,-589.8989
109.9307,206.579,128.7263,-589.8988
109.9405,207.8489,127.3786,-590.264
109.9503,207.5498,127.454,-590.4921
109.9601,206.877,128.202,-590.0472
109.97,207.6977,127.0787,-590.3417
109.9798,207.8496,127.7525,-589.8876
109.9896,207.7725,127.1531,-590.1156
109.9994,207.7747,127.6033,-590.189
110.0092,207.6988,127.6021,-589.8149
110.0191,207.1001,127.9016,-589.8207
110.0289,206.9503,128.2001,-589.3714
110.0387,208.0015,128.0533,-590.1098
110.0485,207.8475,127.0041,-590.4152
110.0583,207.5509,127.8284,-590.2658
110.0681,207.5508,127.679,-590.4913
110.0779,207.4024,128.1284,-590.3415
110.0877,207.4754,127.604,-590.4924
110.0976,207.3283,128.3531,-590.2665
110.1074,207.6262,127.9034,-590.2646
110.1172,207.2512,127.9776,-590.1187
110.127,207.1775,128.4266,-589.818
110.1368,207.3253,127.8275,-590.0433
110.1466,207.8506,127.9775,-589.8868
110.1564,207.0258,127.7531,-590.3471
110.1662,207.4002,127.9766,-589.7419
110.1761,207.2505,128.2006,-589.443
110.1858,207.9246,127.3796,-590.563
110.1956,208.1498,127.4546,-590.4852
110.2055,207.7762,127.9036,-590.2629
110.2153,207.9257,127.7539,-590.3368
110.2251,207.5533,128.7263,-589.5877
110.2349,207.1037,128.6518,-589.8931
110.2447,207.7016,127.9039,-590.4138
110.2545,207.7746,127.454,-590.4145
110.2643,207.3283,128.3531,-590.2665
110.2742,208,127.7531,-590.0358
110.284,207.6264,127.9036,-590.3397
110.2938,207.403,128.5021,-589.8901
110.3036,208.001,127.6051,-590.7114
110.3134,207.0278,128.4269,-589.9697
110.3232,206.9507,127.9021,-590.0474
110.3331,207.2523,128.3519,-589.8924
110.3429,207.4762,127.9033,-590.2664
110.3527,207.8505,127.4552,-590.7886
110.3625,207.4752,127.6783,-590.2672
110.3723,207.8501,127.5293,-590.4884
110.3821,207.9242,127.1553,-590.7888
110.392,207.7747,127.6033,-590.189
110.4018,207.5498,127.3795,-590.6424
110.4116,207.0249,127.9758,-589.5964
110.4214,207.3989,127.6766,-589.743
110.4312,206.5014,127.9771,-590.2023
110.441,207.9999,127.6038,-590.2614
110.4508,207.7735,127.0051,-590.7911
110.4606,207.3261,127.8284,-590.3434
110.4704,207.9231,127.0048,-590.6394
110.4803,207.4743,127.6772,-589.8922
110.49,207.4735,127.3033,-590.2686
110.4999,207.3257,127.7534,-590.3437
110.5097,207.6243,127.6028,-590.0407
110.5195,206.9503,127.9016,-589.8975
110.5293,206.6501,127.8266,-589.9762
110.5392,206.5777,128.3517,-590.0501
110.5489,207.3244,127.3788,-590.4949
110.5588,207.3997,127.6775,-590.043
110.5686,206.874,127.4525,-590.1999
110.5784,206.8022,127.8292,-590.7994
110.5882,207.1745,127.3041,-590.647
110.598,206.5756,127.7524,-590.2773
110.6079,207.3255,127.6038,-590.4941
110.6177,206.6527,128.3518,-590.0493
110.6275,206.6516,128.3504,-589.5994
110.6373,207.0253,127.9017,-589.8965
110.6471,206.65,127.7518,-590.0514
110.6569,207.6241,127.3041,-590.4918
110.6668,207.0253,127.5287,-590.5729
110.6766,207.2494,127.4533,-590.3456
110.6864,207.2498,127.1553,-591.0217
110.6962,206.7255,127.6032,-590.501
110.7061,207.4012,127.6793,-590.6431
110.7159,207.1765,127.8287,-590.4951
110.7257,206.6524,128.2768,-590.0495
110.7355,206.4271,128.2016,-590.0524
110.7453,207.4764,127.3067,-591.3935
110.7551,207.1772,127.6057,-591.1709
110.765,206.8015,127.4553,-591.1757
110.7748,206.8763,127.9027,-590.2733
110.7846,206.6518,127.5302,-591.1772
110.7944,206.5037,128.3528,-590.426
110.8042,206.6541,128.5027,-590.3488
110.814,206.6553,128.8025,-590.2727
110.8239,206.9528,128.203,-590.3464
110.8337,206.1288,128.4272,-590.3551
110.8435,206.052,127.9028,-590.5828
110.8533,207.3267,127.3815,-591.3949
110.8631,207.1022,127.904,-590.6457
110.8729,207.1028,127.8302,-591.021
110.8827,207.1019,127.4561,-591.3223
110.8925,206.8775,127.7549,-591.0238
110.9023,207.3305,128.3558,-591.1665
110.9121,206.8036,128.2038,-590.6481
110.9219,206.8022,127.9783,-590.4989
110.9318,206.6518,128.2761,-589.8245
110.9416,206.9536,128.4278,-590.2706
110.9514,206.8783,128.3527,-590.2717
110.9612,206.879,128.5027,-590.2712
110.971,207.4761,127.8285,-590.3417
110.9808,207.1779,128.3525,-590.1182
110.9906,207.5521,127.7551,-590.866
111.0004,206.6517,127.7538,-590.7264
111.0102,207.1023,128.4263,-589.7438
111.0201,207.102,127.9038,-590.5707
111.0299,206.6535,128.6511,-589.8232
111.0396,206.9518,127.6796,-590.8732
111.0495,207.2509,127.4551,-590.9456
111.0593,207.1771,127.7548,-590.8704
111.0691,206.8765,127.8284,-590.4985
111.0789,207.175,127.4539,-590.5714
111.0887,207.3269,127.6802,-590.9439
111.0985,207.3998,127.3793,-590.6441
111.1083,207.3264,127.6795,-590.7189
111.1181,206.5764,127.9772,-590.2015
111.128,206.6532,128.5761,-589.8235
111.1378,206.5774,128.5006,-589.6746
111.1476,206.953,128.1287,-590.5717
111.1574,207.1007,127.4547,-590.8723
111.1672,207.1005,127.529,-590.647
111.1771,207.5516,127.9038,-590.4155
111.1869,207.774,127.0804,-590.8658
111.1967,207.3254,127.7529,-590.1937
111.2065,206.2764,127.6785,-590.731
111.2163,207.1021,128.1277,-590.1949
111.2261,207.1012,127.9029,-590.2707
111.236,206.7278,128.5012,-589.8229
111.2458,207.4773,127.6808,-591.0922
111.2556,206.725,127.3789,-590.7269
111.2654,207.6281,127.9057,-591.0146
111.2752,207.4017,127.68,-590.868
111.285,207.6264,127.6052,-590.8657
111.2949,207.1024,127.7552,-591.0212
111.3047,206.9526,127.9043,-590.7974
111.3145,207.4025,127.9048,-590.7922
111.3243,207.4031,128.2784,-590.3409
111.3341,207.3281,128.5768,-589.8157
111.3439,207.5524,128.2777,-590.0392
111.3538,207.8484,127.1543,-590.4897
111.3636,207.8507,127.7539,-590.3376
111.3734,208.002,127.9047,-590.5604
111.3832,207.7008,127.6792,-590.4896
111.393,208.0768,127.9045,-590.4845
111.4029,208.151,127.6798,-590.5594
111.4127,207.5536,128.8013,-589.5874
111.4225,207.7769,128.4265,-589.5862
111.4323,207.704,128.6528,-590.0361
111.4421,208.1519,128.0539,-590.2581
111.452,208.3006,127.605,-590.558
111.4618,208.0012,127.6799,-590.6362
111.4716,208.3768,127.9048,-590.481
111.4814,208.6013,127.6807,-590.7043
111.4912,208.452,127.9051,-590.5552
111.501,208.3015,127.8297,-590.4822
111.5109,207.7798,128.9522,-589.8092
111.5207,208.2304,128.9533,-590.029
111.5305,207.4809,129.4008,-589.4361
111.5403,208.5275,127.9059,-590.7793
111.5501,208.3769,127.9796,-590.4058
111.56,208.4535,128.2799,-590.4788
111.5698,208.2272,127.8306,-590.783
111.5796,207.9284,128.503,-590.0341
111.5894,208.3038,128.3548,-590.4803
111.5992,208.4548,128.6544,-590.3275
111.6091,208.5299,128.7293,-590.2514
111.6189,207.9315,129.2528,-589.9564
111.6287,207.7791,128.8022,-589.8098
111.6385,208.0062,129.2524,-589.8055
111.6484,208.4523,127.9056,-590.7052
111.6581,208.377,128.2035,-590.03
111.668,208.3783,128.3541,-590.2545
111.6778,208.0044,128.7281,-590.0324
111.6876,208.4522,128.1292,-590.2544
111.6975,207.7803,129.0274,-589.884
111.7073,208.6774,128.0551,-590.4771
111.7171,208.0798,128.8779,-589.9561
111.7269,207.8548,128.8777,-589.9586
111.7367,207.6296,128.6534,-590.262
111.7465,208.2298,128.6542,-590.3301
111.7563,208.5273,127.9056,-590.7043
111.7661,208.1532,128.1301,-590.6328
111.776,208.1533,128.2048,-590.5576
111.7857,208.2293,128.206,-590.9317
111.7955,208.2282,127.981,-590.9325
111.8054,208.1522,127.905,-590.6336
111.8152,207.9278,127.831,-591.0115
111.825,208.1549,128.8035,-590.1054
111.8348,207.4057,128.953,-590.1885
111.8446,207.7799,128.5047,-590.6358
111.8544,207.7045,128.5042,-590.4866
111.8642,207.4783,128.3533,-590.2648
111.874,208.0005,127.9029,-589.9604
111.8839,207.7012,127.6051,-590.7899
111.8937,208.0029,128.2788,-590.259
111.9035,207.3281,127.9799,-590.8679
111.9133,207.3285,128.8756,-589.4397
111.9231,207.5531,128.3531,-590.1889
111.9329,207.4789,128.5778,-590.114
111.9428,208.0023,128.0542,-590.4098
111.9526,207.7776,127.8306,-590.9382
111.9624,208.226,127.5308,-590.8591
111.9722,208.0016,127.6058,-590.9364
111.982,207.9263,127.3816,-591.238
111.9919,207.6277,127.9798,-590.7144
112.0017,207.5509,127.4554,-590.9421
112.0115,206.8783,128.3527,-590.2717
112.0213,207.1025,127.979,-590.6454
112.0311,206.8778,128.1284,-590.4975
112.0409,208.0757,127.4557,-590.8611
112.0508,207.7758,127.3808,-591.0148
112.0606,207.5536,128.0554,-590.94
112.0704,208.0748,127.0816,-591.1624
112.0802,207.4783,128.2042,-590.5653
112.09,206.8775,127.6804,-591.1741
112.0998,207.3272,127.5313,-591.3194
112.1097,207.6264,127.5307,-591.016
112.1195,207.4037,128.2045,-590.7162
112.1293,207.4037,128.2045,-590.7162
112.1391,207.5544,127.9817,-591.3902
112.1489,208.0045,127.7585,-591.8358
112.1588,207.4801,128.1317,-591.3906
112.1686,207.7046,127.9075,-591.6137
112.1784,207.7032,127.4582,-591.8403
112.1882,207.9288,127.7575,-591.5367
112.198,207.2551,128.0569,-591.5433
112.2078,207.5546,127.9074,-591.6155
112.2176,207.0316,128.7299,-590.9436
112.2275,207.2557,128.6544,-590.7163
112.2373,207.256,128.5055,-591.0919
112.2471,207.6312,128.4316,-591.3127
112.2569,208.005,127.8337,-591.9105
112.2667,207.8551,127.9829,-591.6868
112.2765,207.7806,128.2817,-591.3115
112.2864,207.9298,127.8334,-591.8364
112.2962,207.7814,128.1335,-591.912
112.306,207.7812,128.1333,-591.8371
112.3158,207.706,128.4314,-591.2369
112.3256,207.4822,128.731,-591.1635
112.3355,207.5569,128.8799,-590.787
112.3453,207.5552,127.8335,-591.9907
112.3551,207.8569,128.2834,-591.8357
112.3649,207.5594,128.8083,-591.9122
112.3747,207.859,128.8081,-591.7589
112.3845,207.9324,128.4332,-591.7593
112.3944,207.5587,128.8074,-591.6122
112.4042,207.7806,128.1326,-591.6121
112.414,207.6334,128.9563,-591.2359
112.4238,207.7841,129.0319,-591.3839
112.4336,207.2601,129.331,-591.2389
